x,y,count
12.0,58.0,1.0
13.0,23.0,1.0
14.0,19.0,1.0
14.0,22.0,2.0
14.0,33.0,1.0
16.0,31.0,5.0
16.0,32.0,19.0
16.0,33.0,1.0
17.0,46.0,1.0
18.0,58.0,1.0
19.0,6.0,2.0
19.0,11.0,1.0
19.0,12.0,1.0
19.0,13.0,2.0
19.0,15.0,1.0
19.0,17.0,1.0
20.0,47.0,1.0
21.0,10.0,2.0
21.0,58.0,2.0
22.0,53.0,1.0
22.0,59.0,1.0
23.0,47.0,1.0
23.0,59.0,3.0
23.0,62.0,1.0
24.0,31.0,2.0
24.0,40.0,1.0
24.0,47.0,1.0
24.0,48.0,1.0
24.0,52.0,1.0
24.0,59.0,3.0
25.0,10.0,1.0
25.0,11.0,1.0
25.0,24.0,1.0
25.0,29.0,7.0
25.0,30.0,2.0
25.0,36.0,2.0
25.0,47.0,5.0
25.0,52.0,2.0
25.0,53.0,1.0
25.0,59.0,4.0
26.0,13.0,1.0
26.0,17.0,1.0
26.0,18.0,1.0
26.0,19.0,1.0
26.0,20.0,2.0
26.0,22.0,1.0
26.0,27.0,1.0
26.0,29.0,2.0
26.0,32.0,1.0
26.0,37.0,1.0
26.0,47.0,1.0
26.0,52.0,2.0
27.0,7.0,2.0
27.0,9.0,2.0
27.0,10.0,2.0
27.0,11.0,1.0
27.0,12.0,1.0
27.0,13.0,1.0
27.0,15.0,2.0
27.0,16.0,1.0
27.0,19.0,3.0
27.0,20.0,2.0
27.0,30.0,1.0
27.0,47.0,1.0
27.0,56.0,3.0
27.0,58.0,1.0
27.0,59.0,5.0
27.0,61.0,2.0
27.0,63.0,1.0
28.0,4.0,2.0
28.0,10.0,3.0
28.0,11.0,5.0
28.0,12.0,1.0
28.0,17.0,1.0
28.0,20.0,1.0
28.0,22.0,2.0
28.0,47.0,1.0
28.0,53.0,2.0
28.0,59.0,3.0
28.0,66.0,1.0
28.0,79.0,1.0
29.0,10.0,1.0
29.0,11.0,1.0
29.0,23.0,1.0
29.0,30.0,1.0
29.0,44.0,1.0
29.0,47.0,1.0
29.0,50.0,1.0
29.0,53.0,1.0
29.0,55.0,1.0
29.0,59.0,12.0
29.0,75.0,1.0
30.0,18.0,1.0
30.0,47.0,1.0
30.0,50.0,1.0
30.0,51.0,1.0
30.0,59.0,2.0
30.0,62.0,1.0
30.0,74.0,1.0
30.0,77.0,1.0
31.0,2.0,1.0
31.0,12.0,1.0
31.0,23.0,1.0
31.0,25.0,1.0
31.0,42.0,1.0
31.0,44.0,3.0
31.0,45.0,2.0
31.0,46.0,1.0
31.0,47.0,3.0
31.0,48.0,1.0
31.0,49.0,1.0
31.0,51.0,1.0
31.0,52.0,3.0
31.0,53.0,2.0
31.0,54.0,1.0
31.0,59.0,3.0
32.0,20.0,1.0
32.0,29.0,1.0
32.0,44.0,1.0
32.0,46.0,1.0
32.0,55.0,1.0
32.0,58.0,2.0
32.0,59.0,3.0
32.0,60.0,1.0
32.0,62.0,2.0
32.0,63.0,2.0
32.0,64.0,4.0
33.0,15.0,1.0
33.0,36.0,2.0
33.0,41.0,2.0
33.0,43.0,1.0
33.0,44.0,1.0
33.0,47.0,2.0
33.0,56.0,1.0
33.0,58.0,1.0
33.0,59.0,4.0
33.0,62.0,1.0
33.0,64.0,3.0
33.0,76.0,1.0
34.0,35.0,1.0
34.0,44.0,2.0
34.0,45.0,1.0
34.0,52.0,1.0
34.0,53.0,1.0
34.0,59.0,5.0
34.0,63.0,1.0
35.0,14.0,1.0
35.0,19.0,1.0
35.0,31.0,1.0
35.0,34.0,1.0
35.0,44.0,1.0
35.0,45.0,2.0
35.0,54.0,1.0
35.0,59.0,4.0
35.0,62.0,2.0
35.0,63.0,2.0
35.0,64.0,5.0
36.0,32.0,2.0
36.0,45.0,9.0
36.0,53.0,1.0
36.0,54.0,1.0
36.0,59.0,1.0
36.0,60.0,1.0
36.0,61.0,1.0
36.0,62.0,2.0
36.0,63.0,4.0
36.0,66.0,1.0
37.0,13.0,1.0
37.0,45.0,4.0
37.0,59.0,2.0
37.0,63.0,7.0
37.0,64.0,7.0
37.0,75.0,3.0
37.0,76.0,1.0
38.0,31.0,1.0
38.0,46.0,2.0
38.0,49.0,1.0
38.0,50.0,3.0
38.0,54.0,1.0
38.0,56.0,1.0
38.0,60.0,2.0
38.0,63.0,8.0
38.0,64.0,1.0
38.0,74.0,1.0
38.0,75.0,1.0
39.0,4.0,1.0
39.0,31.0,1.0
39.0,49.0,2.0
39.0,50.0,1.0
39.0,51.0,1.0
39.0,52.0,6.0
39.0,53.0,13.0
39.0,54.0,11.0
39.0,56.0,2.0
39.0,58.0,1.0
39.0,60.0,3.0
39.0,61.0,1.0
39.0,63.0,6.0
39.0,64.0,1.0
39.0,77.0,1.0
40.0,13.0,1.0
40.0,19.0,1.0
40.0,31.0,1.0
40.0,46.0,5.0
40.0,47.0,2.0
40.0,50.0,4.0
40.0,52.0,3.0
40.0,53.0,1.0
40.0,54.0,7.0
40.0,55.0,3.0
40.0,56.0,1.0
40.0,57.0,1.0
40.0,60.0,1.0
40.0,64.0,8.0
40.0,65.0,1.0
40.0,72.0,1.0
40.0,74.0,1.0
41.0,5.0,1.0
41.0,6.0,1.0
41.0,12.0,1.0
41.0,30.0,2.0
41.0,31.0,1.0
41.0,47.0,2.0
41.0,48.0,1.0
41.0,49.0,1.0
41.0,50.0,5.0
41.0,51.0,1.0
41.0,52.0,2.0
41.0,53.0,4.0
41.0,55.0,1.0
41.0,60.0,1.0
41.0,64.0,9.0
41.0,65.0,3.0
41.0,71.0,1.0
41.0,72.0,1.0
41.0,73.0,2.0
42.0,7.0,2.0
42.0,11.0,1.0
42.0,44.0,2.0
42.0,49.0,1.0
42.0,50.0,1.0
42.0,52.0,4.0
42.0,53.0,2.0
42.0,54.0,3.0
42.0,56.0,2.0
42.0,58.0,4.0
42.0,60.0,2.0
42.0,62.0,1.0
42.0,64.0,4.0
42.0,65.0,3.0
42.0,66.0,1.0
42.0,68.0,1.0
42.0,72.0,2.0
42.0,73.0,2.0
42.0,78.0,3.0
43.0,11.0,2.0
43.0,13.0,1.0
43.0,14.0,1.0
43.0,28.0,1.0
43.0,44.0,2.0
43.0,45.0,1.0
43.0,46.0,3.0
43.0,50.0,5.0
43.0,52.0,2.0
43.0,53.0,1.0
43.0,54.0,1.0
43.0,55.0,3.0
43.0,56.0,1.0
43.0,57.0,8.0
43.0,58.0,4.0
43.0,59.0,4.0
43.0,60.0,6.0
43.0,61.0,4.0
43.0,62.0,2.0
43.0,63.0,4.0
43.0,64.0,13.0
43.0,65.0,4.0
43.0,66.0,1.0
43.0,68.0,1.0
43.0,73.0,1.0
43.0,74.0,1.0
43.0,78.0,1.0
43.0,79.0,1.0
44.0,15.0,1.0
44.0,16.0,1.0
44.0,32.0,1.0
44.0,41.0,1.0
44.0,43.0,2.0
44.0,44.0,3.0
44.0,50.0,6.0
44.0,51.0,4.0
44.0,52.0,7.0
44.0,53.0,12.0
44.0,54.0,1.0
44.0,55.0,4.0
44.0,56.0,2.0
44.0,60.0,10.0
44.0,61.0,2.0
44.0,63.0,3.0
44.0,64.0,4.0
44.0,65.0,1.0
44.0,67.0,1.0
44.0,73.0,2.0
44.0,74.0,2.0
44.0,76.0,4.0
44.0,79.0,3.0
45.0,10.0,1.0
45.0,17.0,1.0
45.0,19.0,1.0
45.0,32.0,2.0
45.0,41.0,1.0
45.0,43.0,7.0
45.0,44.0,1.0
45.0,50.0,1.0
45.0,51.0,3.0
45.0,54.0,2.0
45.0,55.0,1.0
45.0,57.0,2.0
45.0,62.0,2.0
45.0,63.0,1.0
45.0,64.0,8.0
45.0,65.0,4.0
45.0,73.0,2.0
45.0,77.0,2.0
45.0,78.0,1.0
46.0,8.0,1.0
46.0,9.0,1.0
46.0,17.0,1.0
46.0,24.0,1.0
46.0,26.0,1.0
46.0,32.0,2.0
46.0,33.0,1.0
46.0,36.0,3.0
46.0,37.0,1.0
46.0,40.0,2.0
46.0,51.0,2.0
46.0,52.0,1.0
46.0,53.0,1.0
46.0,54.0,2.0
46.0,55.0,1.0
46.0,57.0,1.0
46.0,60.0,2.0
46.0,61.0,12.0
46.0,62.0,2.0
46.0,64.0,2.0
46.0,65.0,7.0
46.0,72.0,2.0
46.0,73.0,1.0
46.0,74.0,19.0
46.0,75.0,6.0
46.0,79.0,1.0
47.0,7.0,4.0
47.0,23.0,1.0
47.0,38.0,2.0
47.0,39.0,1.0
47.0,51.0,6.0
47.0,52.0,3.0
47.0,53.0,8.0
47.0,54.0,8.0
47.0,55.0,4.0
47.0,58.0,1.0
47.0,59.0,1.0
47.0,61.0,5.0
47.0,62.0,4.0
47.0,63.0,3.0
47.0,64.0,4.0
47.0,65.0,5.0
47.0,66.0,4.0
47.0,67.0,3.0
47.0,69.0,2.0
47.0,70.0,1.0
47.0,74.0,4.0
47.0,75.0,2.0
48.0,22.0,1.0
48.0,31.0,1.0
48.0,43.0,1.0
48.0,44.0,1.0
48.0,51.0,1.0
48.0,52.0,3.0
48.0,53.0,9.0
48.0,54.0,7.0
48.0,57.0,2.0
48.0,59.0,4.0
48.0,60.0,1.0
48.0,61.0,7.0
48.0,62.0,13.0
48.0,63.0,23.0
48.0,64.0,6.0
48.0,65.0,9.0
48.0,66.0,4.0
48.0,67.0,2.0
48.0,68.0,1.0
48.0,74.0,4.0
48.0,75.0,7.0
48.0,76.0,2.0
48.0,77.0,1.0
48.0,79.0,1.0
49.0,6.0,1.0
49.0,19.0,1.0
49.0,44.0,2.0
49.0,51.0,5.0
49.0,52.0,4.0
49.0,53.0,19.0
49.0,54.0,13.0
49.0,55.0,5.0
49.0,56.0,5.0
49.0,57.0,5.0
49.0,58.0,3.0
49.0,59.0,1.0
49.0,61.0,5.0
49.0,62.0,3.0
49.0,63.0,4.0
49.0,64.0,3.0
49.0,65.0,1.0
49.0,66.0,2.0
49.0,68.0,2.0
49.0,72.0,4.0
49.0,73.0,2.0
49.0,74.0,6.0
49.0,75.0,8.0
50.0,19.0,1.0
50.0,21.0,2.0
50.0,33.0,2.0
50.0,40.0,5.0
50.0,41.0,2.0
50.0,46.0,3.0
50.0,49.0,2.0
50.0,50.0,2.0
50.0,51.0,2.0
50.0,52.0,2.0
50.0,53.0,2.0
50.0,54.0,1.0
50.0,62.0,2.0
50.0,63.0,1.0
50.0,64.0,8.0
50.0,65.0,4.0
50.0,66.0,1.0
50.0,67.0,1.0
50.0,68.0,1.0
50.0,69.0,2.0
50.0,70.0,2.0
50.0,71.0,2.0
50.0,72.0,4.0
50.0,74.0,5.0
50.0,75.0,6.0
51.0,19.0,2.0
51.0,20.0,1.0
51.0,21.0,2.0
51.0,31.0,4.0
51.0,36.0,5.0
51.0,37.0,4.0
51.0,38.0,1.0
51.0,39.0,2.0
51.0,40.0,3.0
51.0,41.0,2.0
51.0,42.0,5.0
51.0,43.0,6.0
51.0,44.0,2.0
51.0,45.0,5.0
51.0,46.0,3.0
51.0,47.0,1.0
51.0,48.0,3.0
51.0,49.0,2.0
51.0,50.0,3.0
51.0,51.0,1.0
51.0,52.0,1.0
51.0,53.0,2.0
51.0,54.0,2.0
51.0,57.0,1.0
51.0,58.0,2.0
51.0,62.0,4.0
51.0,63.0,2.0
51.0,64.0,2.0
51.0,65.0,8.0
51.0,66.0,2.0
51.0,69.0,2.0
51.0,70.0,1.0
51.0,71.0,3.0
51.0,72.0,7.0
51.0,73.0,1.0
51.0,74.0,6.0
51.0,75.0,2.0
51.0,79.0,2.0
52.0,15.0,2.0
52.0,16.0,1.0
52.0,20.0,4.0
52.0,22.0,1.0
52.0,35.0,12.0
52.0,36.0,2.0
52.0,37.0,1.0
52.0,44.0,1.0
52.0,45.0,33.0
52.0,46.0,5.0
52.0,49.0,1.0
52.0,52.0,2.0
52.0,53.0,3.0
52.0,54.0,2.0
52.0,56.0,3.0
52.0,57.0,1.0
52.0,58.0,1.0
52.0,60.0,1.0
52.0,61.0,6.0
52.0,62.0,18.0
52.0,63.0,8.0
52.0,64.0,6.0
52.0,65.0,11.0
52.0,66.0,20.0
52.0,67.0,8.0
52.0,68.0,2.0
52.0,69.0,13.0
52.0,71.0,2.0
52.0,72.0,17.0
52.0,73.0,1.0
52.0,75.0,2.0
52.0,78.0,3.0
53.0,9.0,1.0
53.0,19.0,1.0
53.0,20.0,1.0
53.0,21.0,1.0
53.0,33.0,2.0
53.0,35.0,7.0
53.0,36.0,1.0
53.0,37.0,1.0
53.0,46.0,1.0
53.0,47.0,4.0
53.0,48.0,2.0
53.0,49.0,1.0
53.0,51.0,1.0
53.0,52.0,1.0
53.0,53.0,9.0
53.0,54.0,5.0
53.0,56.0,1.0
53.0,57.0,3.0
53.0,59.0,2.0
53.0,60.0,4.0
53.0,61.0,24.0
53.0,62.0,5.0
53.0,63.0,8.0
53.0,64.0,3.0
53.0,65.0,5.0
53.0,66.0,18.0
53.0,67.0,28.0
53.0,68.0,2.0
53.0,69.0,4.0
53.0,72.0,9.0
53.0,74.0,7.0
53.0,75.0,3.0
53.0,76.0,7.0
53.0,77.0,1.0
54.0,19.0,1.0
54.0,20.0,1.0
54.0,33.0,2.0
54.0,35.0,1.0
54.0,36.0,2.0
54.0,43.0,5.0
54.0,46.0,1.0
54.0,48.0,2.0
54.0,52.0,1.0
54.0,54.0,8.0
54.0,55.0,4.0
54.0,56.0,5.0
54.0,57.0,1.0
54.0,58.0,3.0
54.0,59.0,3.0
54.0,60.0,2.0
54.0,61.0,3.0
54.0,62.0,6.0
54.0,64.0,5.0
54.0,65.0,3.0
54.0,66.0,5.0
54.0,67.0,5.0
54.0,68.0,1.0
54.0,69.0,3.0
54.0,70.0,4.0
54.0,72.0,10.0
54.0,73.0,11.0
54.0,74.0,1.0
54.0,76.0,1.0
54.0,77.0,3.0
55.0,13.0,1.0
55.0,20.0,1.0
55.0,22.0,1.0
55.0,35.0,6.0
55.0,36.0,14.0
55.0,37.0,6.0
55.0,38.0,2.0
55.0,40.0,1.0
55.0,43.0,1.0
55.0,45.0,2.0
55.0,47.0,2.0
55.0,48.0,7.0
55.0,49.0,1.0
55.0,51.0,1.0
55.0,52.0,1.0
55.0,53.0,2.0
55.0,54.0,9.0
55.0,57.0,2.0
55.0,58.0,1.0
55.0,62.0,3.0
55.0,63.0,6.0
55.0,64.0,4.0
55.0,65.0,7.0
55.0,66.0,4.0
55.0,67.0,6.0
55.0,70.0,2.0
55.0,71.0,2.0
55.0,72.0,3.0
55.0,73.0,8.0
55.0,75.0,4.0
56.0,23.0,1.0
56.0,28.0,1.0
56.0,31.0,1.0
56.0,33.0,1.0
56.0,34.0,1.0
56.0,35.0,3.0
56.0,36.0,1.0
56.0,43.0,1.0
56.0,45.0,2.0
56.0,46.0,4.0
56.0,47.0,2.0
56.0,48.0,2.0
56.0,49.0,3.0
56.0,50.0,3.0
56.0,51.0,2.0
56.0,52.0,2.0
56.0,53.0,1.0
56.0,54.0,10.0
56.0,55.0,2.0
56.0,56.0,2.0
56.0,57.0,1.0
56.0,58.0,1.0
56.0,59.0,4.0
56.0,60.0,1.0
56.0,62.0,2.0
56.0,64.0,2.0
56.0,65.0,7.0
56.0,66.0,1.0
56.0,67.0,2.0
56.0,69.0,1.0
56.0,70.0,1.0
56.0,71.0,5.0
56.0,72.0,1.0
56.0,73.0,15.0
56.0,74.0,3.0
56.0,75.0,5.0
56.0,76.0,1.0
56.0,77.0,1.0
56.0,78.0,1.0
57.0,17.0,1.0
57.0,19.0,1.0
57.0,33.0,1.0
57.0,34.0,1.0
57.0,35.0,1.0
57.0,36.0,4.0
57.0,38.0,1.0
57.0,39.0,1.0
57.0,41.0,2.0
57.0,42.0,1.0
57.0,43.0,1.0
57.0,46.0,2.0
57.0,47.0,10.0
57.0,50.0,4.0
57.0,51.0,10.0
57.0,52.0,2.0
57.0,53.0,4.0
57.0,54.0,18.0
57.0,55.0,6.0
57.0,56.0,1.0
57.0,57.0,2.0
57.0,60.0,2.0
57.0,63.0,7.0
57.0,64.0,11.0
57.0,65.0,13.0
57.0,66.0,18.0
57.0,67.0,4.0
57.0,68.0,2.0
57.0,69.0,4.0
57.0,70.0,4.0
57.0,71.0,10.0
57.0,72.0,3.0
57.0,73.0,6.0
57.0,74.0,2.0
57.0,75.0,6.0
57.0,76.0,2.0
57.0,77.0,1.0
58.0,26.0,2.0
58.0,28.0,1.0
58.0,33.0,1.0
58.0,36.0,2.0
58.0,37.0,1.0
58.0,39.0,3.0
58.0,40.0,1.0
58.0,41.0,3.0
58.0,43.0,2.0
58.0,44.0,5.0
58.0,45.0,1.0
58.0,46.0,4.0
58.0,47.0,5.0
58.0,48.0,1.0
58.0,49.0,3.0
58.0,50.0,4.0
58.0,51.0,3.0
58.0,52.0,8.0
58.0,53.0,4.0
58.0,54.0,7.0
58.0,55.0,7.0
58.0,56.0,12.0
58.0,57.0,11.0
58.0,58.0,5.0
58.0,59.0,6.0
58.0,60.0,9.0
58.0,61.0,5.0
58.0,62.0,5.0
58.0,63.0,11.0
58.0,64.0,5.0
58.0,65.0,13.0
58.0,66.0,13.0
58.0,67.0,16.0
58.0,68.0,6.0
58.0,70.0,3.0
58.0,71.0,9.0
58.0,72.0,5.0
58.0,73.0,18.0
58.0,74.0,6.0
58.0,75.0,2.0
58.0,77.0,2.0
58.0,78.0,10.0
58.0,79.0,2.0
59.0,19.0,2.0
59.0,28.0,2.0
59.0,29.0,11.0
59.0,31.0,1.0
59.0,32.0,1.0
59.0,33.0,5.0
59.0,36.0,7.0
59.0,37.0,4.0
59.0,43.0,3.0
59.0,44.0,1.0
59.0,45.0,2.0
59.0,46.0,15.0
59.0,47.0,1.0
59.0,48.0,1.0
59.0,49.0,3.0
59.0,50.0,5.0
59.0,51.0,6.0
59.0,52.0,7.0
59.0,53.0,9.0
59.0,54.0,5.0
59.0,55.0,6.0
59.0,56.0,8.0
59.0,57.0,4.0
59.0,58.0,13.0
59.0,59.0,8.0
59.0,60.0,7.0
59.0,61.0,13.0
59.0,62.0,14.0
59.0,63.0,36.0
59.0,64.0,11.0
59.0,65.0,11.0
59.0,66.0,23.0
59.0,67.0,30.0
59.0,68.0,5.0
59.0,69.0,2.0
59.0,70.0,4.0
59.0,71.0,15.0
59.0,72.0,7.0
59.0,73.0,11.0
59.0,74.0,1.0
59.0,75.0,7.0
59.0,76.0,2.0
59.0,78.0,2.0
59.0,79.0,1.0
59.0,80.0,4.0
60.0,17.0,1.0
60.0,19.0,1.0
60.0,20.0,2.0
60.0,28.0,1.0
60.0,29.0,2.0
60.0,30.0,3.0
60.0,31.0,1.0
60.0,33.0,3.0
60.0,34.0,1.0
60.0,36.0,1.0
60.0,37.0,2.0
60.0,38.0,2.0
60.0,39.0,2.0
60.0,40.0,3.0
60.0,41.0,3.0
60.0,42.0,2.0
60.0,45.0,1.0
60.0,46.0,4.0
60.0,49.0,14.0
60.0,50.0,6.0
60.0,51.0,2.0
60.0,52.0,1.0
60.0,53.0,5.0
60.0,54.0,14.0
60.0,55.0,9.0
60.0,56.0,7.0
60.0,57.0,6.0
60.0,58.0,12.0
60.0,59.0,4.0
60.0,60.0,4.0
60.0,61.0,9.0
60.0,62.0,6.0
60.0,63.0,8.0
60.0,64.0,11.0
60.0,65.0,16.0
60.0,66.0,21.0
60.0,67.0,21.0
60.0,68.0,10.0
60.0,70.0,4.0
60.0,71.0,14.0
60.0,72.0,1.0
60.0,73.0,1.0
60.0,74.0,1.0
60.0,76.0,1.0
60.0,78.0,3.0
60.0,79.0,5.0
60.0,80.0,17.0
60.0,81.0,3.0
61.0,26.0,1.0
61.0,31.0,2.0
61.0,32.0,6.0
61.0,33.0,4.0
61.0,35.0,1.0
61.0,36.0,4.0
61.0,37.0,8.0
61.0,38.0,1.0
61.0,39.0,2.0
61.0,40.0,3.0
61.0,41.0,3.0
61.0,43.0,1.0
61.0,44.0,5.0
61.0,45.0,2.0
61.0,46.0,8.0
61.0,48.0,2.0
61.0,49.0,2.0
61.0,50.0,8.0
61.0,51.0,5.0
61.0,52.0,6.0
61.0,53.0,13.0
61.0,54.0,8.0
61.0,55.0,22.0
61.0,56.0,17.0
61.0,57.0,11.0
61.0,58.0,3.0
61.0,59.0,10.0
61.0,60.0,6.0
61.0,61.0,9.0
61.0,62.0,7.0
61.0,63.0,12.0
61.0,64.0,6.0
61.0,65.0,12.0
61.0,66.0,9.0
61.0,67.0,10.0
61.0,68.0,6.0
61.0,69.0,12.0
61.0,70.0,3.0
61.0,71.0,2.0
61.0,72.0,4.0
61.0,73.0,2.0
61.0,74.0,6.0
61.0,75.0,1.0
61.0,76.0,3.0
61.0,77.0,1.0
61.0,78.0,8.0
61.0,79.0,6.0
61.0,80.0,2.0
61.0,81.0,6.0
62.0,27.0,4.0
62.0,33.0,2.0
62.0,34.0,4.0
62.0,35.0,2.0
62.0,36.0,2.0
62.0,41.0,2.0
62.0,42.0,1.0
62.0,44.0,2.0
62.0,45.0,12.0
62.0,46.0,3.0
62.0,47.0,2.0
62.0,48.0,8.0
62.0,49.0,4.0
62.0,50.0,8.0
62.0,51.0,4.0
62.0,52.0,1.0
62.0,53.0,3.0
62.0,54.0,7.0
62.0,55.0,4.0
62.0,56.0,14.0
62.0,57.0,3.0
62.0,58.0,4.0
62.0,59.0,14.0
62.0,60.0,8.0
62.0,61.0,4.0
62.0,62.0,7.0
62.0,63.0,16.0
62.0,64.0,9.0
62.0,65.0,5.0
62.0,66.0,17.0
62.0,67.0,17.0
62.0,68.0,6.0
62.0,69.0,14.0
62.0,70.0,3.0
62.0,71.0,3.0
62.0,72.0,7.0
62.0,73.0,2.0
62.0,74.0,4.0
62.0,75.0,3.0
62.0,76.0,2.0
62.0,78.0,3.0
62.0,79.0,26.0
62.0,80.0,5.0
62.0,81.0,7.0
63.0,25.0,1.0
63.0,33.0,30.0
63.0,34.0,2.0
63.0,35.0,1.0
63.0,36.0,13.0
63.0,37.0,3.0
63.0,38.0,1.0
63.0,39.0,2.0
63.0,40.0,1.0
63.0,45.0,2.0
63.0,46.0,1.0
63.0,47.0,3.0
63.0,48.0,2.0
63.0,49.0,4.0
63.0,50.0,7.0
63.0,53.0,1.0
63.0,54.0,1.0
63.0,55.0,5.0
63.0,56.0,10.0
63.0,57.0,29.0
63.0,58.0,1.0
63.0,59.0,12.0
63.0,60.0,3.0
63.0,61.0,8.0
63.0,62.0,40.0
63.0,63.0,6.0
63.0,64.0,19.0
63.0,65.0,11.0
63.0,66.0,11.0
63.0,67.0,15.0
63.0,68.0,5.0
63.0,69.0,4.0
63.0,70.0,3.0
63.0,71.0,2.0
63.0,73.0,3.0
63.0,76.0,6.0
63.0,77.0,2.0
63.0,78.0,1.0
63.0,79.0,11.0
63.0,80.0,15.0
63.0,81.0,8.0
64.0,18.0,1.0
64.0,20.0,1.0
64.0,33.0,6.0
64.0,34.0,3.0
64.0,35.0,1.0
64.0,36.0,1.0
64.0,37.0,2.0
64.0,38.0,1.0
64.0,39.0,3.0
64.0,40.0,1.0
64.0,41.0,4.0
64.0,42.0,2.0
64.0,43.0,2.0
64.0,44.0,1.0
64.0,45.0,4.0
64.0,47.0,1.0
64.0,48.0,1.0
64.0,50.0,3.0
64.0,51.0,2.0
64.0,52.0,5.0
64.0,53.0,1.0
64.0,54.0,7.0
64.0,55.0,8.0
64.0,56.0,2.0
64.0,57.0,11.0
64.0,58.0,16.0
64.0,59.0,3.0
64.0,60.0,6.0
64.0,61.0,3.0
64.0,62.0,2.0
64.0,63.0,3.0
64.0,64.0,6.0
64.0,65.0,5.0
64.0,66.0,11.0
64.0,67.0,14.0
64.0,68.0,14.0
64.0,69.0,5.0
64.0,70.0,2.0
64.0,71.0,1.0
64.0,72.0,12.0
64.0,74.0,1.0
64.0,76.0,2.0
64.0,77.0,4.0
64.0,79.0,4.0
64.0,80.0,1.0
64.0,81.0,10.0
65.0,20.0,1.0
65.0,21.0,1.0
65.0,33.0,6.0
65.0,43.0,2.0
65.0,44.0,2.0
65.0,45.0,1.0
65.0,46.0,3.0
65.0,48.0,2.0
65.0,49.0,8.0
65.0,50.0,6.0
65.0,51.0,1.0
65.0,52.0,2.0
65.0,53.0,5.0
65.0,54.0,5.0
65.0,55.0,15.0
65.0,56.0,5.0
65.0,57.0,4.0
65.0,58.0,2.0
65.0,59.0,15.0
65.0,60.0,2.0
65.0,61.0,35.0
65.0,63.0,4.0
65.0,64.0,11.0
65.0,65.0,11.0
65.0,66.0,6.0
65.0,67.0,9.0
65.0,68.0,24.0
65.0,69.0,3.0
65.0,70.0,3.0
65.0,71.0,2.0
65.0,72.0,2.0
65.0,73.0,5.0
65.0,76.0,5.0
65.0,77.0,1.0
65.0,78.0,2.0
65.0,79.0,12.0
65.0,80.0,6.0
65.0,81.0,15.0
65.0,82.0,1.0
66.0,19.0,1.0
66.0,21.0,1.0
66.0,22.0,1.0
66.0,26.0,1.0
66.0,33.0,6.0
66.0,36.0,1.0
66.0,47.0,1.0
66.0,48.0,3.0
66.0,50.0,4.0
66.0,51.0,2.0
66.0,52.0,4.0
66.0,53.0,4.0
66.0,54.0,2.0
66.0,55.0,5.0
66.0,56.0,2.0
66.0,57.0,5.0
66.0,58.0,13.0
66.0,59.0,3.0
66.0,60.0,19.0
66.0,61.0,1.0
66.0,62.0,6.0
66.0,63.0,10.0
66.0,64.0,11.0
66.0,65.0,16.0
66.0,66.0,14.0
66.0,67.0,9.0
66.0,68.0,49.0
66.0,72.0,10.0
66.0,73.0,1.0
66.0,74.0,1.0
66.0,75.0,3.0
66.0,76.0,2.0
66.0,77.0,2.0
66.0,78.0,1.0
66.0,79.0,4.0
66.0,80.0,2.0
66.0,81.0,7.0
67.0,33.0,5.0
67.0,37.0,1.0
67.0,42.0,1.0
67.0,43.0,2.0
67.0,45.0,1.0
67.0,47.0,2.0
67.0,50.0,6.0
67.0,51.0,7.0
67.0,52.0,7.0
67.0,54.0,6.0
67.0,55.0,2.0
67.0,56.0,1.0
67.0,57.0,11.0
67.0,58.0,4.0
67.0,59.0,8.0
67.0,60.0,8.0
67.0,61.0,3.0
67.0,62.0,4.0
67.0,63.0,12.0
67.0,64.0,15.0
67.0,65.0,20.0
67.0,66.0,17.0
67.0,67.0,10.0
67.0,68.0,30.0
67.0,69.0,4.0
67.0,70.0,2.0
67.0,71.0,1.0
67.0,72.0,11.0
67.0,73.0,1.0
67.0,74.0,5.0
67.0,75.0,8.0
67.0,76.0,1.0
67.0,77.0,6.0
67.0,78.0,2.0
67.0,79.0,3.0
67.0,80.0,7.0
67.0,81.0,57.0
68.0,23.0,2.0
68.0,24.0,3.0
68.0,25.0,4.0
68.0,27.0,4.0
68.0,33.0,9.0
68.0,45.0,1.0
68.0,46.0,3.0
68.0,47.0,4.0
68.0,49.0,3.0
68.0,50.0,1.0
68.0,51.0,8.0
68.0,53.0,7.0
68.0,54.0,4.0
68.0,55.0,2.0
68.0,56.0,10.0
68.0,57.0,1.0
68.0,58.0,7.0
68.0,59.0,6.0
68.0,60.0,2.0
68.0,61.0,7.0
68.0,62.0,31.0
68.0,63.0,8.0
68.0,64.0,20.0
68.0,65.0,60.0
68.0,66.0,20.0
68.0,67.0,15.0
68.0,68.0,17.0
68.0,69.0,4.0
68.0,70.0,1.0
68.0,71.0,1.0
68.0,73.0,25.0
68.0,74.0,5.0
68.0,77.0,1.0
68.0,78.0,3.0
68.0,80.0,8.0
68.0,81.0,9.0
69.0,20.0,1.0
69.0,21.0,1.0
69.0,22.0,1.0
69.0,23.0,2.0
69.0,26.0,2.0
69.0,28.0,6.0
69.0,29.0,5.0
69.0,33.0,6.0
69.0,37.0,6.0
69.0,38.0,11.0
69.0,40.0,3.0
69.0,42.0,4.0
69.0,43.0,8.0
69.0,44.0,7.0
69.0,45.0,1.0
69.0,47.0,1.0
69.0,49.0,5.0
69.0,50.0,8.0
69.0,51.0,1.0
69.0,52.0,5.0
69.0,53.0,4.0
69.0,54.0,3.0
69.0,55.0,7.0
69.0,56.0,1.0
69.0,57.0,3.0
69.0,58.0,12.0
69.0,59.0,3.0
69.0,60.0,5.0
69.0,61.0,12.0
69.0,62.0,4.0
69.0,63.0,10.0
69.0,64.0,25.0
69.0,65.0,18.0
69.0,66.0,23.0
69.0,67.0,12.0
69.0,68.0,23.0
69.0,69.0,2.0
69.0,70.0,1.0
69.0,72.0,9.0
69.0,73.0,10.0
69.0,78.0,2.0
69.0,79.0,3.0
69.0,80.0,18.0
70.0,18.0,1.0
70.0,19.0,6.0
70.0,20.0,6.0
70.0,21.0,3.0
70.0,22.0,11.0
70.0,23.0,4.0
70.0,29.0,3.0
70.0,30.0,9.0
70.0,31.0,1.0
70.0,32.0,2.0
70.0,33.0,4.0
70.0,34.0,4.0
70.0,38.0,2.0
70.0,39.0,6.0
70.0,40.0,1.0
70.0,41.0,5.0
70.0,44.0,2.0
70.0,45.0,7.0
70.0,46.0,4.0
70.0,47.0,5.0
70.0,48.0,16.0
70.0,49.0,4.0
70.0,50.0,4.0
70.0,51.0,4.0
70.0,52.0,4.0
70.0,53.0,1.0
70.0,54.0,9.0
70.0,55.0,1.0
70.0,56.0,3.0
70.0,57.0,3.0
70.0,59.0,4.0
70.0,60.0,9.0
70.0,61.0,1.0
70.0,62.0,17.0
70.0,63.0,21.0
70.0,64.0,10.0
70.0,65.0,16.0
70.0,66.0,20.0
70.0,67.0,17.0
70.0,68.0,22.0
70.0,69.0,5.0
70.0,70.0,14.0
70.0,71.0,8.0
70.0,72.0,19.0
70.0,73.0,10.0
70.0,74.0,1.0
70.0,78.0,3.0
70.0,79.0,9.0
70.0,80.0,14.0
71.0,12.0,4.0
71.0,16.0,2.0
71.0,17.0,2.0
71.0,18.0,8.0
71.0,19.0,5.0
71.0,23.0,7.0
71.0,24.0,1.0
71.0,32.0,3.0
71.0,33.0,5.0
71.0,34.0,7.0
71.0,35.0,3.0
71.0,36.0,10.0
71.0,37.0,5.0
71.0,38.0,8.0
71.0,39.0,6.0
71.0,40.0,9.0
71.0,42.0,2.0
71.0,43.0,1.0
71.0,44.0,1.0
71.0,45.0,3.0
71.0,46.0,12.0
71.0,47.0,4.0
71.0,48.0,4.0
71.0,49.0,2.0
71.0,50.0,9.0
71.0,51.0,3.0
71.0,52.0,1.0
71.0,53.0,5.0
71.0,55.0,7.0
71.0,56.0,17.0
71.0,58.0,8.0
71.0,59.0,2.0
71.0,60.0,7.0
71.0,61.0,27.0
71.0,62.0,23.0
71.0,63.0,7.0
71.0,64.0,29.0
71.0,65.0,34.0
71.0,66.0,37.0
71.0,67.0,38.0
71.0,68.0,89.0
71.0,69.0,27.0
71.0,70.0,22.0
71.0,71.0,12.0
71.0,72.0,5.0
71.0,73.0,11.0
71.0,75.0,2.0
71.0,76.0,2.0
71.0,78.0,23.0
71.0,79.0,3.0
72.0,12.0,2.0
72.0,13.0,3.0
72.0,14.0,8.0
72.0,15.0,10.0
72.0,16.0,4.0
72.0,17.0,3.0
72.0,24.0,2.0
72.0,25.0,4.0
72.0,27.0,1.0
72.0,34.0,5.0
72.0,35.0,2.0
72.0,36.0,2.0
72.0,37.0,3.0
72.0,38.0,2.0
72.0,40.0,2.0
72.0,41.0,6.0
72.0,42.0,1.0
72.0,43.0,1.0
72.0,44.0,1.0
72.0,45.0,5.0
72.0,46.0,2.0
72.0,47.0,4.0
72.0,48.0,2.0
72.0,50.0,1.0
72.0,51.0,2.0
72.0,52.0,9.0
72.0,54.0,5.0
72.0,55.0,5.0
72.0,56.0,2.0
72.0,57.0,5.0
72.0,58.0,7.0
72.0,59.0,5.0
72.0,60.0,10.0
72.0,61.0,13.0
72.0,62.0,2.0
72.0,63.0,37.0
72.0,64.0,26.0
72.0,65.0,60.0
72.0,66.0,78.0
72.0,67.0,33.0
72.0,68.0,39.0
72.0,69.0,25.0
72.0,70.0,22.0
72.0,71.0,11.0
72.0,72.0,6.0
72.0,73.0,15.0
72.0,74.0,11.0
72.0,75.0,7.0
72.0,76.0,23.0
72.0,77.0,15.0
72.0,78.0,17.0
73.0,9.0,2.0
73.0,10.0,3.0
73.0,11.0,6.0
73.0,12.0,11.0
73.0,13.0,2.0
73.0,25.0,6.0
73.0,26.0,4.0
73.0,34.0,3.0
73.0,35.0,2.0
73.0,44.0,2.0
73.0,52.0,1.0
73.0,53.0,13.0
73.0,54.0,12.0
73.0,55.0,4.0
73.0,56.0,2.0
73.0,57.0,5.0
73.0,58.0,3.0
73.0,59.0,4.0
73.0,61.0,1.0
73.0,62.0,29.0
73.0,63.0,22.0
73.0,64.0,16.0
73.0,65.0,26.0
73.0,66.0,13.0
73.0,67.0,36.0
73.0,68.0,17.0
73.0,69.0,25.0
73.0,70.0,37.0
73.0,71.0,12.0
73.0,72.0,9.0
73.0,73.0,8.0
73.0,74.0,5.0
73.0,75.0,3.0
73.0,76.0,10.0
73.0,77.0,6.0
74.0,6.0,1.0
74.0,7.0,2.0
74.0,8.0,6.0
74.0,9.0,1.0
74.0,10.0,1.0
74.0,27.0,1.0
74.0,34.0,5.0
74.0,35.0,2.0
74.0,37.0,2.0
74.0,38.0,2.0
74.0,39.0,1.0
74.0,40.0,2.0
74.0,47.0,1.0
74.0,50.0,2.0
74.0,51.0,4.0
74.0,52.0,12.0
74.0,53.0,4.0
74.0,54.0,33.0
74.0,55.0,8.0
74.0,56.0,8.0
74.0,57.0,1.0
74.0,58.0,3.0
74.0,59.0,11.0
74.0,60.0,3.0
74.0,61.0,10.0
74.0,62.0,5.0
74.0,63.0,15.0
74.0,64.0,14.0
74.0,65.0,12.0
74.0,66.0,18.0
74.0,67.0,24.0
74.0,68.0,48.0
74.0,69.0,41.0
74.0,70.0,20.0
74.0,71.0,6.0
74.0,72.0,3.0
74.0,73.0,2.0
74.0,74.0,5.0
74.0,75.0,3.0
74.0,76.0,1.0
75.0,4.0,1.0
75.0,5.0,3.0
75.0,10.0,2.0
75.0,28.0,4.0
75.0,29.0,2.0
75.0,34.0,6.0
75.0,35.0,5.0
75.0,36.0,2.0
75.0,42.0,3.0
75.0,44.0,1.0
75.0,45.0,1.0
75.0,48.0,2.0
75.0,49.0,6.0
75.0,50.0,4.0
75.0,51.0,4.0
75.0,52.0,4.0
75.0,53.0,4.0
75.0,54.0,5.0
75.0,55.0,6.0
75.0,56.0,1.0
75.0,57.0,5.0
75.0,58.0,4.0
75.0,59.0,1.0
75.0,60.0,7.0
75.0,61.0,5.0
75.0,62.0,5.0
75.0,63.0,20.0
75.0,64.0,1.0
75.0,65.0,16.0
75.0,66.0,34.0
75.0,67.0,23.0
75.0,68.0,29.0
75.0,69.0,80.0
75.0,70.0,57.0
75.0,71.0,7.0
75.0,72.0,3.0
75.0,73.0,7.0
75.0,74.0,12.0
76.0,1.0,1.0
76.0,2.0,1.0
76.0,3.0,1.0
76.0,12.0,1.0
76.0,29.0,1.0
76.0,30.0,4.0
76.0,34.0,15.0
76.0,35.0,182.0
76.0,36.0,81.0
76.0,44.0,3.0
76.0,48.0,3.0
76.0,53.0,2.0
76.0,54.0,11.0
76.0,55.0,13.0
76.0,56.0,71.0
76.0,58.0,2.0
76.0,59.0,7.0
76.0,60.0,3.0
76.0,61.0,3.0
76.0,62.0,13.0
76.0,63.0,1.0
76.0,64.0,5.0
76.0,65.0,10.0
76.0,66.0,17.0
76.0,67.0,8.0
76.0,68.0,10.0
76.0,69.0,24.0
76.0,70.0,11.0
76.0,71.0,7.0
76.0,72.0,16.0
76.0,73.0,2.0
77.0,14.0,1.0
77.0,15.0,1.0
77.0,16.0,1.0
77.0,30.0,1.0
77.0,31.0,13.0
77.0,32.0,5.0
77.0,34.0,7.0
77.0,35.0,157.0
77.0,36.0,215.0
77.0,42.0,1.0
77.0,46.0,1.0
77.0,47.0,5.0
77.0,48.0,5.0
77.0,49.0,2.0
77.0,50.0,1.0
77.0,54.0,1.0
77.0,55.0,14.0
77.0,56.0,26.0
77.0,57.0,14.0
77.0,58.0,9.0
77.0,59.0,10.0
77.0,60.0,1.0
77.0,61.0,12.0
77.0,62.0,1.0
77.0,63.0,4.0
77.0,64.0,8.0
77.0,65.0,9.0
77.0,66.0,4.0
77.0,67.0,7.0
77.0,68.0,13.0
77.0,69.0,17.0
77.0,70.0,8.0
77.0,71.0,18.0
78.0,17.0,3.0
78.0,32.0,1.0
78.0,33.0,4.0
78.0,34.0,17.0
78.0,35.0,7.0
78.0,36.0,7.0
78.0,37.0,8.0
78.0,38.0,12.0
78.0,39.0,4.0
78.0,40.0,7.0
78.0,41.0,7.0
78.0,42.0,12.0
78.0,43.0,4.0
78.0,44.0,7.0
78.0,45.0,8.0
78.0,46.0,3.0
78.0,56.0,13.0
78.0,57.0,21.0
78.0,58.0,11.0
78.0,60.0,8.0
78.0,61.0,1.0
78.0,62.0,1.0
78.0,63.0,5.0
78.0,64.0,2.0
78.0,65.0,9.0
78.0,66.0,5.0
78.0,67.0,8.0
78.0,68.0,4.0
78.0,69.0,11.0
78.0,70.0,7.0
78.0,75.0,1.0
79.0,17.0,3.0
79.0,34.0,3.0
79.0,35.0,1.0
79.0,36.0,5.0
79.0,37.0,2.0
79.0,38.0,5.0
79.0,39.0,1.0
79.0,43.0,1.0
79.0,55.0,1.0
79.0,56.0,4.0
79.0,57.0,6.0
79.0,58.0,9.0
79.0,59.0,15.0
79.0,60.0,1.0
79.0,61.0,1.0
79.0,63.0,1.0
79.0,64.0,2.0
79.0,65.0,2.0
79.0,66.0,3.0
79.0,67.0,7.0
79.0,68.0,4.0
79.0,70.0,1.0
79.0,76.0,2.0
80.0,36.0,1.0
80.0,46.0,2.0
80.0,48.0,1.0
80.0,50.0,1.0
80.0,53.0,1.0
80.0,55.0,1.0
80.0,58.0,3.0
80.0,59.0,4.0
80.0,60.0,1.0
80.0,61.0,1.0
80.0,62.0,1.0
80.0,63.0,3.0
80.0,64.0,3.0
80.0,65.0,2.0
80.0,66.0,3.0
80.0,67.0,2.0
81.0,36.0,2.0
81.0,37.0,7.0
81.0,39.0,27.0
81.0,40.0,1.0
81.0,43.0,1.0
81.0,46.0,1.0
81.0,53.0,1.0
81.0,55.0,1.0
81.0,59.0,1.0
81.0,60.0,4.0
81.0,61.0,2.0
81.0,62.0,4.0
81.0,63.0,3.0
81.0,64.0,4.0
81.0,65.0,6.0
81.0,66.0,5.0
82.0,50.0,1.0
82.0,67.0,2.0
83.0,53.0,7.0
84.0,69.0,1.0
85.0,70.0,1.0
87.0,73.0,2.0
88.0,74.0,2.0
89.0,75.0,1.0
91.0,77.0,1.0
92.0,70.0,1.0
94.0,81.0,3.0
95.0,83.0,2.0
96.0,83.0,1.0
98.0,85.0,1.0
