x,y,count
16.0,52.0,2.0
17.0,52.0,2.0
17.0,54.0,1.0
17.0,58.0,1.0
17.0,60.0,1.0
19.0,54.0,1.0
19.0,55.0,3.0
19.0,57.0,1.0
19.0,58.0,1.0
20.0,22.0,1.0
20.0,52.0,2.0
20.0,53.0,2.0
20.0,54.0,2.0
20.0,55.0,3.0
20.0,60.0,1.0
21.0,52.0,3.0
21.0,55.0,1.0
21.0,58.0,1.0
21.0,59.0,1.0
21.0,60.0,1.0
21.0,61.0,1.0
22.0,52.0,5.0
22.0,53.0,1.0
22.0,99.0,1.0
23.0,49.0,2.0
23.0,51.0,3.0
23.0,52.0,2.0
23.0,53.0,2.0
23.0,54.0,1.0
23.0,59.0,5.0
23.0,72.0,1.0
23.0,95.0,1.0
24.0,11.0,1.0
24.0,29.0,1.0
24.0,40.0,1.0
24.0,41.0,1.0
24.0,44.0,2.0
24.0,45.0,1.0
24.0,46.0,1.0
24.0,48.0,3.0
24.0,52.0,3.0
24.0,53.0,1.0
24.0,56.0,2.0
24.0,59.0,5.0
24.0,62.0,1.0
24.0,75.0,1.0
24.0,76.0,1.0
24.0,82.0,1.0
25.0,10.0,2.0
25.0,22.0,3.0
25.0,23.0,1.0
25.0,24.0,1.0
25.0,25.0,2.0
25.0,27.0,3.0
25.0,28.0,3.0
25.0,29.0,2.0
25.0,30.0,1.0
25.0,32.0,2.0
25.0,33.0,1.0
25.0,35.0,1.0
25.0,36.0,1.0
25.0,38.0,2.0
25.0,39.0,1.0
25.0,40.0,1.0
25.0,41.0,1.0
25.0,42.0,4.0
25.0,43.0,2.0
25.0,44.0,2.0
25.0,52.0,6.0
25.0,53.0,3.0
25.0,54.0,1.0
25.0,56.0,1.0
25.0,59.0,8.0
25.0,78.0,1.0
25.0,80.0,4.0
26.0,9.0,1.0
26.0,11.0,1.0
26.0,12.0,1.0
26.0,13.0,1.0
26.0,16.0,1.0
26.0,17.0,3.0
26.0,19.0,2.0
26.0,20.0,2.0
26.0,21.0,2.0
26.0,22.0,2.0
26.0,30.0,1.0
26.0,31.0,1.0
26.0,33.0,1.0
26.0,42.0,1.0
26.0,47.0,3.0
26.0,52.0,6.0
26.0,54.0,4.0
26.0,55.0,1.0
26.0,56.0,3.0
26.0,59.0,10.0
26.0,73.0,1.0
26.0,80.0,6.0
26.0,81.0,5.0
27.0,10.0,1.0
27.0,22.0,1.0
27.0,42.0,1.0
27.0,46.0,1.0
27.0,47.0,5.0
27.0,52.0,4.0
27.0,53.0,3.0
27.0,54.0,4.0
27.0,56.0,11.0
27.0,58.0,5.0
27.0,59.0,15.0
27.0,60.0,2.0
27.0,61.0,5.0
27.0,62.0,7.0
27.0,63.0,1.0
27.0,64.0,1.0
27.0,78.0,3.0
28.0,22.0,5.0
28.0,27.0,1.0
28.0,29.0,1.0
28.0,50.0,1.0
28.0,53.0,5.0
28.0,54.0,9.0
28.0,59.0,4.0
28.0,60.0,2.0
28.0,62.0,1.0
28.0,66.0,1.0
28.0,78.0,1.0
29.0,23.0,1.0
29.0,42.0,1.0
29.0,44.0,1.0
29.0,47.0,1.0
29.0,54.0,1.0
29.0,56.0,1.0
29.0,59.0,2.0
29.0,61.0,1.0
29.0,62.0,1.0
29.0,68.0,2.0
29.0,71.0,1.0
29.0,75.0,1.0
29.0,77.0,1.0
30.0,17.0,1.0
30.0,25.0,1.0
30.0,42.0,1.0
30.0,53.0,1.0
30.0,56.0,1.0
30.0,58.0,2.0
30.0,59.0,9.0
30.0,61.0,4.0
30.0,62.0,2.0
30.0,74.0,1.0
31.0,25.0,1.0
31.0,27.0,4.0
31.0,38.0,1.0
31.0,43.0,2.0
31.0,44.0,1.0
31.0,46.0,1.0
31.0,47.0,2.0
31.0,49.0,2.0
31.0,53.0,9.0
31.0,54.0,8.0
31.0,55.0,3.0
31.0,56.0,1.0
31.0,57.0,1.0
31.0,59.0,4.0
31.0,62.0,1.0
31.0,76.0,2.0
32.0,26.0,1.0
32.0,29.0,1.0
32.0,36.0,1.0
32.0,44.0,1.0
32.0,47.0,2.0
32.0,53.0,6.0
32.0,56.0,2.0
32.0,58.0,1.0
32.0,59.0,7.0
32.0,61.0,1.0
32.0,62.0,2.0
33.0,26.0,1.0
33.0,43.0,3.0
33.0,44.0,2.0
33.0,46.0,1.0
33.0,47.0,5.0
33.0,53.0,3.0
33.0,54.0,1.0
33.0,55.0,2.0
33.0,58.0,1.0
33.0,59.0,8.0
34.0,26.0,1.0
34.0,30.0,1.0
34.0,34.0,1.0
34.0,44.0,5.0
34.0,46.0,3.0
34.0,54.0,1.0
34.0,56.0,2.0
34.0,59.0,4.0
34.0,75.0,1.0
34.0,76.0,1.0
35.0,44.0,3.0
35.0,45.0,2.0
35.0,46.0,2.0
35.0,47.0,1.0
35.0,51.0,5.0
35.0,54.0,4.0
35.0,56.0,2.0
35.0,58.0,1.0
35.0,59.0,4.0
35.0,63.0,1.0
35.0,67.0,1.0
35.0,76.0,3.0
36.0,32.0,1.0
36.0,45.0,4.0
36.0,46.0,2.0
36.0,47.0,1.0
36.0,54.0,1.0
36.0,55.0,2.0
36.0,56.0,2.0
36.0,58.0,1.0
36.0,59.0,3.0
36.0,60.0,1.0
36.0,63.0,1.0
36.0,65.0,1.0
36.0,76.0,2.0
37.0,32.0,1.0
37.0,45.0,2.0
37.0,46.0,3.0
37.0,47.0,6.0
37.0,54.0,1.0
37.0,58.0,2.0
37.0,59.0,6.0
37.0,66.0,1.0
37.0,77.0,1.0
38.0,28.0,2.0
38.0,29.0,1.0
38.0,46.0,2.0
38.0,47.0,1.0
38.0,54.0,6.0
38.0,55.0,3.0
38.0,56.0,5.0
38.0,57.0,1.0
38.0,59.0,3.0
38.0,60.0,3.0
38.0,63.0,3.0
38.0,67.0,1.0
38.0,77.0,2.0
39.0,29.0,1.0
39.0,30.0,1.0
39.0,46.0,1.0
39.0,47.0,13.0
39.0,48.0,2.0
39.0,49.0,3.0
39.0,50.0,9.0
39.0,51.0,1.0
39.0,53.0,9.0
39.0,54.0,8.0
39.0,57.0,3.0
39.0,58.0,1.0
39.0,59.0,1.0
39.0,60.0,7.0
39.0,62.0,1.0
39.0,63.0,2.0
39.0,64.0,1.0
39.0,71.0,9.0
39.0,72.0,1.0
39.0,78.0,3.0
40.0,30.0,1.0
40.0,31.0,6.0
40.0,43.0,1.0
40.0,44.0,2.0
40.0,45.0,2.0
40.0,46.0,5.0
40.0,47.0,7.0
40.0,48.0,1.0
40.0,49.0,8.0
40.0,50.0,4.0
40.0,51.0,3.0
40.0,53.0,6.0
40.0,54.0,4.0
40.0,55.0,1.0
40.0,57.0,4.0
40.0,60.0,4.0
40.0,64.0,2.0
40.0,67.0,1.0
40.0,71.0,1.0
40.0,72.0,1.0
40.0,74.0,3.0
41.0,48.0,2.0
41.0,49.0,1.0
41.0,50.0,4.0
41.0,51.0,7.0
41.0,53.0,6.0
41.0,54.0,5.0
41.0,55.0,2.0
41.0,57.0,2.0
41.0,60.0,5.0
41.0,64.0,2.0
41.0,71.0,2.0
41.0,73.0,2.0
42.0,8.0,1.0
42.0,31.0,1.0
42.0,43.0,1.0
42.0,44.0,1.0
42.0,45.0,1.0
42.0,47.0,1.0
42.0,50.0,2.0
42.0,51.0,4.0
42.0,53.0,3.0
42.0,54.0,1.0
42.0,55.0,15.0
42.0,57.0,2.0
42.0,60.0,3.0
42.0,64.0,1.0
42.0,66.0,1.0
42.0,67.0,2.0
42.0,68.0,1.0
42.0,73.0,2.0
42.0,75.0,2.0
42.0,76.0,5.0
42.0,77.0,1.0
42.0,78.0,3.0
43.0,12.0,1.0
43.0,44.0,3.0
43.0,48.0,4.0
43.0,50.0,3.0
43.0,51.0,2.0
43.0,52.0,1.0
43.0,53.0,12.0
43.0,54.0,4.0
43.0,55.0,19.0
43.0,56.0,4.0
43.0,57.0,18.0
43.0,58.0,6.0
43.0,59.0,10.0
43.0,60.0,19.0
43.0,61.0,11.0
43.0,62.0,7.0
43.0,63.0,8.0
43.0,64.0,3.0
43.0,65.0,1.0
43.0,66.0,4.0
43.0,68.0,1.0
43.0,69.0,1.0
43.0,73.0,7.0
43.0,74.0,3.0
43.0,75.0,1.0
43.0,76.0,10.0
43.0,77.0,1.0
43.0,78.0,1.0
43.0,79.0,1.0
44.0,14.0,1.0
44.0,27.0,1.0
44.0,43.0,2.0
44.0,44.0,2.0
44.0,48.0,1.0
44.0,50.0,14.0
44.0,51.0,9.0
44.0,52.0,5.0
44.0,53.0,8.0
44.0,54.0,42.0
44.0,55.0,19.0
44.0,57.0,3.0
44.0,60.0,2.0
44.0,61.0,1.0
44.0,62.0,1.0
44.0,63.0,8.0
44.0,64.0,3.0
44.0,65.0,1.0
44.0,71.0,1.0
44.0,73.0,1.0
44.0,74.0,5.0
44.0,76.0,1.0
44.0,79.0,2.0
45.0,32.0,8.0
45.0,33.0,3.0
45.0,35.0,1.0
45.0,40.0,1.0
45.0,41.0,5.0
45.0,42.0,1.0
45.0,43.0,1.0
45.0,44.0,1.0
45.0,49.0,1.0
45.0,50.0,1.0
45.0,51.0,8.0
45.0,52.0,2.0
45.0,54.0,6.0
45.0,55.0,7.0
45.0,56.0,1.0
45.0,57.0,2.0
45.0,58.0,4.0
45.0,60.0,1.0
45.0,61.0,4.0
45.0,63.0,5.0
45.0,64.0,3.0
45.0,70.0,2.0
45.0,72.0,1.0
45.0,73.0,7.0
45.0,74.0,10.0
45.0,75.0,1.0
45.0,76.0,2.0
45.0,79.0,2.0
46.0,23.0,1.0
46.0,34.0,1.0
46.0,37.0,1.0
46.0,38.0,1.0
46.0,41.0,1.0
46.0,43.0,1.0
46.0,44.0,2.0
46.0,45.0,1.0
46.0,47.0,2.0
46.0,48.0,1.0
46.0,51.0,3.0
46.0,52.0,8.0
46.0,54.0,3.0
46.0,55.0,5.0
46.0,56.0,1.0
46.0,57.0,3.0
46.0,58.0,6.0
46.0,61.0,2.0
46.0,63.0,5.0
46.0,64.0,1.0
46.0,72.0,2.0
46.0,73.0,1.0
46.0,74.0,8.0
46.0,75.0,1.0
46.0,78.0,1.0
46.0,79.0,5.0
47.0,17.0,1.0
47.0,18.0,2.0
47.0,38.0,1.0
47.0,39.0,1.0
47.0,43.0,3.0
47.0,44.0,1.0
47.0,46.0,1.0
47.0,51.0,4.0
47.0,52.0,3.0
47.0,53.0,1.0
47.0,54.0,5.0
47.0,55.0,4.0
47.0,56.0,1.0
47.0,57.0,3.0
47.0,58.0,4.0
47.0,59.0,1.0
47.0,61.0,7.0
47.0,62.0,1.0
47.0,63.0,5.0
47.0,64.0,4.0
47.0,65.0,7.0
47.0,66.0,4.0
47.0,67.0,4.0
47.0,68.0,5.0
47.0,69.0,5.0
47.0,70.0,1.0
47.0,71.0,3.0
47.0,72.0,1.0
47.0,73.0,1.0
47.0,74.0,11.0
47.0,75.0,2.0
47.0,76.0,1.0
47.0,77.0,3.0
47.0,79.0,3.0
48.0,44.0,2.0
48.0,51.0,3.0
48.0,52.0,2.0
48.0,53.0,9.0
48.0,54.0,8.0
48.0,55.0,2.0
48.0,56.0,10.0
48.0,57.0,3.0
48.0,58.0,1.0
48.0,59.0,3.0
48.0,61.0,8.0
48.0,62.0,5.0
48.0,63.0,8.0
48.0,64.0,5.0
48.0,65.0,4.0
48.0,67.0,1.0
48.0,68.0,3.0
48.0,69.0,1.0
48.0,71.0,2.0
48.0,72.0,3.0
48.0,74.0,9.0
48.0,75.0,8.0
48.0,76.0,1.0
48.0,77.0,6.0
48.0,78.0,1.0
49.0,41.0,1.0
49.0,44.0,6.0
49.0,49.0,2.0
49.0,51.0,7.0
49.0,52.0,2.0
49.0,53.0,7.0
49.0,54.0,8.0
49.0,55.0,1.0
49.0,56.0,11.0
49.0,57.0,12.0
49.0,58.0,5.0
49.0,61.0,12.0
49.0,63.0,2.0
49.0,64.0,6.0
49.0,65.0,2.0
49.0,66.0,1.0
49.0,72.0,1.0
49.0,73.0,12.0
49.0,74.0,13.0
49.0,75.0,9.0
49.0,77.0,1.0
49.0,79.0,2.0
49.0,80.0,1.0
50.0,21.0,1.0
50.0,33.0,3.0
50.0,37.0,2.0
50.0,40.0,2.0
50.0,41.0,1.0
50.0,42.0,7.0
50.0,43.0,2.0
50.0,44.0,5.0
50.0,49.0,3.0
50.0,50.0,5.0
50.0,51.0,14.0
50.0,52.0,7.0
50.0,53.0,7.0
50.0,54.0,2.0
50.0,55.0,4.0
50.0,56.0,8.0
50.0,57.0,4.0
50.0,58.0,9.0
50.0,61.0,2.0
50.0,62.0,2.0
50.0,63.0,1.0
50.0,64.0,7.0
50.0,66.0,1.0
50.0,67.0,2.0
50.0,68.0,4.0
50.0,69.0,3.0
50.0,70.0,4.0
50.0,71.0,2.0
50.0,72.0,5.0
50.0,73.0,5.0
50.0,74.0,22.0
50.0,75.0,11.0
50.0,76.0,1.0
50.0,77.0,2.0
50.0,79.0,1.0
50.0,80.0,4.0
51.0,36.0,4.0
51.0,37.0,1.0
51.0,39.0,1.0
51.0,41.0,2.0
51.0,42.0,4.0
51.0,43.0,11.0
51.0,44.0,8.0
51.0,45.0,3.0
51.0,46.0,2.0
51.0,47.0,3.0
51.0,48.0,4.0
51.0,51.0,6.0
51.0,52.0,17.0
51.0,53.0,11.0
51.0,55.0,5.0
51.0,56.0,3.0
51.0,57.0,1.0
51.0,58.0,2.0
51.0,61.0,3.0
51.0,62.0,8.0
51.0,63.0,2.0
51.0,64.0,4.0
51.0,65.0,8.0
51.0,66.0,4.0
51.0,67.0,3.0
51.0,68.0,8.0
51.0,69.0,5.0
51.0,70.0,1.0
51.0,71.0,4.0
51.0,72.0,10.0
51.0,73.0,4.0
51.0,74.0,7.0
51.0,75.0,4.0
51.0,77.0,1.0
51.0,80.0,1.0
52.0,34.0,1.0
52.0,35.0,1.0
52.0,43.0,5.0
52.0,44.0,2.0
52.0,45.0,1.0
52.0,46.0,4.0
52.0,47.0,1.0
52.0,48.0,1.0
52.0,50.0,3.0
52.0,51.0,3.0
52.0,52.0,28.0
52.0,53.0,9.0
52.0,54.0,13.0
52.0,55.0,13.0
52.0,56.0,18.0
52.0,57.0,6.0
52.0,58.0,4.0
52.0,59.0,2.0
52.0,60.0,1.0
52.0,62.0,6.0
52.0,63.0,7.0
52.0,64.0,8.0
52.0,65.0,6.0
52.0,66.0,16.0
52.0,70.0,3.0
52.0,71.0,1.0
52.0,72.0,4.0
52.0,74.0,3.0
52.0,75.0,6.0
52.0,79.0,2.0
53.0,20.0,1.0
53.0,32.0,1.0
53.0,33.0,1.0
53.0,35.0,2.0
53.0,36.0,2.0
53.0,42.0,1.0
53.0,43.0,1.0
53.0,44.0,1.0
53.0,46.0,1.0
53.0,48.0,2.0
53.0,49.0,2.0
53.0,50.0,3.0
53.0,51.0,3.0
53.0,52.0,6.0
53.0,53.0,15.0
53.0,54.0,25.0
53.0,55.0,23.0
53.0,56.0,12.0
53.0,57.0,9.0
53.0,58.0,6.0
53.0,59.0,3.0
53.0,60.0,1.0
53.0,62.0,9.0
53.0,63.0,5.0
53.0,64.0,2.0
53.0,65.0,2.0
53.0,66.0,3.0
53.0,67.0,4.0
53.0,69.0,1.0
53.0,70.0,2.0
53.0,72.0,5.0
53.0,73.0,4.0
53.0,74.0,2.0
53.0,75.0,8.0
53.0,77.0,8.0
54.0,21.0,2.0
54.0,29.0,2.0
54.0,34.0,3.0
54.0,35.0,1.0
54.0,36.0,2.0
54.0,37.0,1.0
54.0,43.0,2.0
54.0,46.0,2.0
54.0,47.0,3.0
54.0,48.0,5.0
54.0,50.0,1.0
54.0,51.0,6.0
54.0,52.0,7.0
54.0,53.0,6.0
54.0,54.0,16.0
54.0,55.0,16.0
54.0,56.0,7.0
54.0,57.0,21.0
54.0,58.0,11.0
54.0,59.0,10.0
54.0,60.0,1.0
54.0,61.0,1.0
54.0,62.0,4.0
54.0,63.0,1.0
54.0,64.0,15.0
54.0,65.0,3.0
54.0,66.0,3.0
54.0,67.0,1.0
54.0,69.0,1.0
54.0,70.0,1.0
54.0,71.0,1.0
54.0,72.0,7.0
54.0,73.0,6.0
54.0,74.0,1.0
54.0,75.0,9.0
54.0,77.0,17.0
55.0,21.0,1.0
55.0,39.0,3.0
55.0,40.0,2.0
55.0,41.0,2.0
55.0,42.0,2.0
55.0,43.0,5.0
55.0,44.0,1.0
55.0,45.0,2.0
55.0,46.0,2.0
55.0,47.0,2.0
55.0,48.0,10.0
55.0,49.0,3.0
55.0,50.0,1.0
55.0,51.0,4.0
55.0,52.0,3.0
55.0,53.0,13.0
55.0,54.0,17.0
55.0,55.0,7.0
55.0,56.0,2.0
55.0,58.0,3.0
55.0,59.0,2.0
55.0,62.0,5.0
55.0,63.0,2.0
55.0,64.0,3.0
55.0,65.0,7.0
55.0,66.0,3.0
55.0,67.0,1.0
55.0,68.0,2.0
55.0,70.0,1.0
55.0,71.0,1.0
55.0,72.0,4.0
55.0,73.0,2.0
55.0,74.0,1.0
55.0,75.0,9.0
55.0,76.0,1.0
55.0,77.0,2.0
56.0,21.0,1.0
56.0,29.0,7.0
56.0,30.0,1.0
56.0,32.0,1.0
56.0,33.0,1.0
56.0,34.0,4.0
56.0,35.0,2.0
56.0,36.0,4.0
56.0,38.0,1.0
56.0,40.0,4.0
56.0,43.0,1.0
56.0,46.0,2.0
56.0,47.0,11.0
56.0,49.0,4.0
56.0,50.0,1.0
56.0,51.0,2.0
56.0,52.0,4.0
56.0,53.0,7.0
56.0,54.0,7.0
56.0,55.0,9.0
56.0,56.0,2.0
56.0,57.0,3.0
56.0,58.0,4.0
56.0,59.0,5.0
56.0,62.0,2.0
56.0,63.0,2.0
56.0,65.0,7.0
56.0,66.0,6.0
56.0,67.0,1.0
56.0,69.0,2.0
56.0,70.0,4.0
56.0,71.0,4.0
56.0,72.0,1.0
56.0,73.0,7.0
56.0,74.0,2.0
56.0,75.0,3.0
56.0,76.0,4.0
56.0,77.0,4.0
56.0,78.0,4.0
57.0,19.0,1.0
57.0,22.0,1.0
57.0,29.0,1.0
57.0,33.0,2.0
57.0,34.0,1.0
57.0,35.0,2.0
57.0,36.0,2.0
57.0,38.0,2.0
57.0,40.0,2.0
57.0,41.0,1.0
57.0,42.0,5.0
57.0,43.0,3.0
57.0,44.0,1.0
57.0,45.0,1.0
57.0,46.0,1.0
57.0,47.0,1.0
57.0,50.0,2.0
57.0,51.0,12.0
57.0,52.0,3.0
57.0,53.0,8.0
57.0,54.0,13.0
57.0,55.0,8.0
57.0,56.0,10.0
57.0,57.0,3.0
57.0,58.0,3.0
57.0,59.0,5.0
57.0,62.0,2.0
57.0,63.0,19.0
57.0,64.0,6.0
57.0,65.0,17.0
57.0,66.0,12.0
57.0,67.0,9.0
57.0,68.0,2.0
57.0,69.0,3.0
57.0,70.0,7.0
57.0,71.0,11.0
57.0,72.0,8.0
57.0,73.0,8.0
57.0,74.0,6.0
57.0,75.0,16.0
57.0,76.0,4.0
57.0,77.0,9.0
57.0,78.0,7.0
58.0,19.0,2.0
58.0,25.0,1.0
58.0,28.0,1.0
58.0,36.0,1.0
58.0,37.0,1.0
58.0,38.0,1.0
58.0,40.0,1.0
58.0,41.0,2.0
58.0,42.0,2.0
58.0,43.0,3.0
58.0,44.0,6.0
58.0,45.0,5.0
58.0,46.0,8.0
58.0,47.0,6.0
58.0,48.0,5.0
58.0,50.0,5.0
58.0,51.0,3.0
58.0,52.0,14.0
58.0,53.0,12.0
58.0,54.0,11.0
58.0,55.0,14.0
58.0,56.0,8.0
58.0,57.0,11.0
58.0,58.0,9.0
58.0,59.0,5.0
58.0,60.0,7.0
58.0,61.0,8.0
58.0,62.0,7.0
58.0,63.0,13.0
58.0,64.0,8.0
58.0,65.0,26.0
58.0,66.0,22.0
58.0,67.0,21.0
58.0,68.0,8.0
58.0,69.0,13.0
58.0,70.0,31.0
58.0,71.0,23.0
58.0,72.0,12.0
58.0,73.0,16.0
58.0,74.0,12.0
58.0,75.0,12.0
58.0,76.0,3.0
58.0,77.0,1.0
58.0,78.0,3.0
58.0,79.0,3.0
59.0,16.0,1.0
59.0,27.0,3.0
59.0,28.0,1.0
59.0,31.0,1.0
59.0,33.0,5.0
59.0,34.0,1.0
59.0,35.0,1.0
59.0,36.0,1.0
59.0,38.0,2.0
59.0,41.0,1.0
59.0,43.0,2.0
59.0,44.0,6.0
59.0,45.0,5.0
59.0,46.0,7.0
59.0,47.0,1.0
59.0,48.0,2.0
59.0,49.0,5.0
59.0,50.0,6.0
59.0,51.0,8.0
59.0,52.0,10.0
59.0,53.0,12.0
59.0,54.0,11.0
59.0,55.0,5.0
59.0,56.0,11.0
59.0,57.0,3.0
59.0,58.0,7.0
59.0,59.0,21.0
59.0,60.0,8.0
59.0,61.0,5.0
59.0,62.0,29.0
59.0,63.0,23.0
59.0,64.0,17.0
59.0,65.0,22.0
59.0,66.0,64.0
59.0,67.0,23.0
59.0,68.0,13.0
59.0,69.0,8.0
59.0,70.0,2.0
59.0,71.0,16.0
59.0,72.0,10.0
59.0,73.0,11.0
59.0,74.0,6.0
59.0,75.0,1.0
59.0,76.0,1.0
59.0,78.0,4.0
59.0,79.0,4.0
59.0,80.0,2.0
60.0,16.0,6.0
60.0,29.0,2.0
60.0,33.0,3.0
60.0,35.0,1.0
60.0,36.0,2.0
60.0,37.0,5.0
60.0,40.0,8.0
60.0,41.0,3.0
60.0,42.0,1.0
60.0,43.0,2.0
60.0,44.0,1.0
60.0,45.0,20.0
60.0,46.0,7.0
60.0,48.0,1.0
60.0,49.0,5.0
60.0,50.0,3.0
60.0,51.0,1.0
60.0,53.0,2.0
60.0,54.0,13.0
60.0,55.0,5.0
60.0,56.0,10.0
60.0,57.0,7.0
60.0,58.0,4.0
60.0,59.0,6.0
60.0,60.0,6.0
60.0,61.0,4.0
60.0,62.0,8.0
60.0,63.0,23.0
60.0,64.0,16.0
60.0,65.0,24.0
60.0,66.0,13.0
60.0,67.0,13.0
60.0,68.0,4.0
60.0,69.0,7.0
60.0,70.0,5.0
60.0,71.0,9.0
60.0,72.0,3.0
60.0,73.0,3.0
60.0,74.0,12.0
60.0,75.0,1.0
60.0,76.0,1.0
60.0,78.0,5.0
60.0,79.0,10.0
60.0,80.0,8.0
60.0,81.0,8.0
61.0,16.0,1.0
61.0,26.0,2.0
61.0,31.0,2.0
61.0,32.0,2.0
61.0,33.0,1.0
61.0,35.0,1.0
61.0,36.0,6.0
61.0,37.0,4.0
61.0,39.0,3.0
61.0,40.0,3.0
61.0,41.0,2.0
61.0,42.0,2.0
61.0,43.0,4.0
61.0,44.0,3.0
61.0,45.0,10.0
61.0,46.0,3.0
61.0,47.0,4.0
61.0,48.0,2.0
61.0,49.0,1.0
61.0,50.0,11.0
61.0,51.0,2.0
61.0,52.0,6.0
61.0,54.0,7.0
61.0,55.0,7.0
61.0,56.0,9.0
61.0,57.0,6.0
61.0,58.0,1.0
61.0,59.0,6.0
61.0,60.0,5.0
61.0,61.0,7.0
61.0,62.0,4.0
61.0,63.0,11.0
61.0,64.0,9.0
61.0,65.0,8.0
61.0,66.0,8.0
61.0,67.0,18.0
61.0,68.0,3.0
61.0,69.0,6.0
61.0,70.0,1.0
61.0,71.0,5.0
61.0,73.0,2.0
61.0,74.0,7.0
61.0,75.0,2.0
61.0,76.0,7.0
61.0,77.0,5.0
61.0,78.0,6.0
61.0,79.0,5.0
61.0,80.0,9.0
61.0,81.0,7.0
62.0,18.0,3.0
62.0,33.0,2.0
62.0,34.0,1.0
62.0,36.0,2.0
62.0,39.0,1.0
62.0,40.0,2.0
62.0,41.0,3.0
62.0,42.0,2.0
62.0,43.0,4.0
62.0,44.0,5.0
62.0,45.0,4.0
62.0,46.0,2.0
62.0,47.0,2.0
62.0,48.0,2.0
62.0,49.0,4.0
62.0,50.0,9.0
62.0,52.0,4.0
62.0,53.0,1.0
62.0,55.0,1.0
62.0,56.0,5.0
62.0,57.0,3.0
62.0,58.0,1.0
62.0,59.0,3.0
62.0,60.0,3.0
62.0,61.0,7.0
62.0,62.0,6.0
62.0,63.0,7.0
62.0,64.0,5.0
62.0,65.0,12.0
62.0,66.0,27.0
62.0,67.0,23.0
62.0,68.0,5.0
62.0,69.0,8.0
62.0,70.0,7.0
62.0,71.0,1.0
62.0,72.0,3.0
62.0,73.0,4.0
62.0,74.0,4.0
62.0,75.0,3.0
62.0,76.0,1.0
62.0,77.0,2.0
62.0,78.0,1.0
62.0,79.0,40.0
62.0,80.0,3.0
62.0,81.0,11.0
63.0,18.0,1.0
63.0,20.0,1.0
63.0,34.0,2.0
63.0,35.0,1.0
63.0,36.0,1.0
63.0,37.0,1.0
63.0,38.0,1.0
63.0,39.0,4.0
63.0,41.0,2.0
63.0,43.0,1.0
63.0,45.0,3.0
63.0,47.0,1.0
63.0,50.0,3.0
63.0,55.0,5.0
63.0,56.0,10.0
63.0,57.0,16.0
63.0,58.0,6.0
63.0,59.0,6.0
63.0,60.0,4.0
63.0,61.0,6.0
63.0,62.0,5.0
63.0,63.0,18.0
63.0,64.0,24.0
63.0,65.0,9.0
63.0,66.0,12.0
63.0,67.0,25.0
63.0,68.0,7.0
63.0,69.0,6.0
63.0,70.0,8.0
63.0,71.0,3.0
63.0,73.0,2.0
63.0,74.0,3.0
63.0,75.0,2.0
63.0,76.0,2.0
63.0,77.0,1.0
63.0,78.0,8.0
63.0,79.0,32.0
63.0,80.0,19.0
63.0,81.0,3.0
64.0,20.0,1.0
64.0,33.0,2.0
64.0,36.0,1.0
64.0,41.0,1.0
64.0,43.0,2.0
64.0,45.0,2.0
64.0,50.0,4.0
64.0,52.0,3.0
64.0,53.0,1.0
64.0,54.0,1.0
64.0,56.0,1.0
64.0,57.0,13.0
64.0,58.0,21.0
64.0,59.0,3.0
64.0,60.0,5.0
64.0,61.0,6.0
64.0,63.0,1.0
64.0,64.0,17.0
64.0,65.0,8.0
64.0,66.0,10.0
64.0,67.0,20.0
64.0,68.0,35.0
64.0,69.0,5.0
64.0,70.0,13.0
64.0,71.0,4.0
64.0,72.0,3.0
64.0,73.0,8.0
64.0,74.0,6.0
64.0,75.0,2.0
64.0,76.0,1.0
64.0,77.0,9.0
64.0,79.0,5.0
64.0,80.0,6.0
64.0,81.0,5.0
65.0,18.0,1.0
65.0,33.0,1.0
65.0,34.0,1.0
65.0,36.0,1.0
65.0,41.0,1.0
65.0,42.0,1.0
65.0,45.0,2.0
65.0,46.0,3.0
65.0,47.0,1.0
65.0,48.0,1.0
65.0,49.0,1.0
65.0,50.0,1.0
65.0,51.0,1.0
65.0,52.0,2.0
65.0,53.0,4.0
65.0,54.0,3.0
65.0,55.0,10.0
65.0,56.0,2.0
65.0,57.0,1.0
65.0,58.0,3.0
65.0,59.0,9.0
65.0,60.0,4.0
65.0,61.0,7.0
65.0,62.0,6.0
65.0,63.0,10.0
65.0,64.0,16.0
65.0,65.0,18.0
65.0,66.0,10.0
65.0,67.0,21.0
65.0,68.0,47.0
65.0,69.0,3.0
65.0,70.0,3.0
65.0,71.0,15.0
65.0,72.0,4.0
65.0,74.0,2.0
65.0,75.0,1.0
65.0,76.0,7.0
65.0,77.0,3.0
65.0,78.0,3.0
65.0,79.0,4.0
65.0,80.0,8.0
65.0,81.0,13.0
66.0,31.0,4.0
66.0,32.0,3.0
66.0,33.0,2.0
66.0,34.0,1.0
66.0,36.0,1.0
66.0,37.0,1.0
66.0,43.0,1.0
66.0,44.0,1.0
66.0,47.0,1.0
66.0,50.0,3.0
66.0,51.0,2.0
66.0,52.0,2.0
66.0,53.0,5.0
66.0,55.0,4.0
66.0,56.0,1.0
66.0,57.0,1.0
66.0,58.0,9.0
66.0,59.0,3.0
66.0,60.0,14.0
66.0,61.0,5.0
66.0,62.0,7.0
66.0,63.0,35.0
66.0,64.0,77.0
66.0,65.0,20.0
66.0,66.0,16.0
66.0,67.0,12.0
66.0,68.0,78.0
66.0,69.0,3.0
66.0,70.0,1.0
66.0,71.0,2.0
66.0,72.0,8.0
66.0,73.0,4.0
66.0,74.0,4.0
66.0,75.0,11.0
66.0,76.0,9.0
66.0,77.0,2.0
66.0,78.0,3.0
66.0,79.0,5.0
66.0,80.0,1.0
66.0,81.0,6.0
67.0,22.0,1.0
67.0,23.0,1.0
67.0,32.0,2.0
67.0,33.0,3.0
67.0,34.0,1.0
67.0,35.0,1.0
67.0,36.0,3.0
67.0,37.0,1.0
67.0,39.0,2.0
67.0,40.0,2.0
67.0,47.0,7.0
67.0,50.0,3.0
67.0,51.0,1.0
67.0,52.0,5.0
67.0,53.0,1.0
67.0,54.0,4.0
67.0,57.0,1.0
67.0,59.0,6.0
67.0,60.0,14.0
67.0,61.0,9.0
67.0,62.0,19.0
67.0,63.0,53.0
67.0,64.0,41.0
67.0,65.0,19.0
67.0,66.0,17.0
67.0,67.0,12.0
67.0,68.0,34.0
67.0,69.0,4.0
67.0,70.0,3.0
67.0,71.0,2.0
67.0,72.0,15.0
67.0,73.0,7.0
67.0,74.0,20.0
67.0,75.0,28.0
67.0,76.0,5.0
67.0,77.0,2.0
67.0,78.0,1.0
67.0,79.0,3.0
67.0,80.0,7.0
67.0,81.0,82.0
68.0,23.0,3.0
68.0,24.0,5.0
68.0,25.0,1.0
68.0,26.0,3.0
68.0,27.0,4.0
68.0,28.0,1.0
68.0,32.0,1.0
68.0,33.0,4.0
68.0,35.0,1.0
68.0,37.0,1.0
68.0,46.0,2.0
68.0,47.0,5.0
68.0,48.0,1.0
68.0,49.0,2.0
68.0,50.0,1.0
68.0,51.0,6.0
68.0,52.0,3.0
68.0,53.0,3.0
68.0,55.0,1.0
68.0,56.0,3.0
68.0,58.0,2.0
68.0,59.0,5.0
68.0,60.0,1.0
68.0,61.0,24.0
68.0,62.0,44.0
68.0,63.0,17.0
68.0,64.0,32.0
68.0,65.0,124.0
68.0,66.0,40.0
68.0,67.0,19.0
68.0,68.0,46.0
68.0,69.0,1.0
68.0,70.0,2.0
68.0,71.0,3.0
68.0,73.0,24.0
68.0,74.0,22.0
68.0,76.0,3.0
68.0,77.0,2.0
68.0,79.0,1.0
68.0,80.0,7.0
68.0,81.0,9.0
69.0,20.0,1.0
69.0,21.0,3.0
69.0,22.0,2.0
69.0,23.0,6.0
69.0,28.0,2.0
69.0,29.0,2.0
69.0,30.0,1.0
69.0,33.0,1.0
69.0,36.0,3.0
69.0,37.0,3.0
69.0,39.0,1.0
69.0,40.0,2.0
69.0,41.0,1.0
69.0,42.0,5.0
69.0,43.0,7.0
69.0,44.0,4.0
69.0,45.0,2.0
69.0,47.0,1.0
69.0,49.0,3.0
69.0,50.0,2.0
69.0,51.0,2.0
69.0,52.0,6.0
69.0,53.0,5.0
69.0,54.0,4.0
69.0,55.0,6.0
69.0,56.0,2.0
69.0,57.0,6.0
69.0,58.0,9.0
69.0,59.0,2.0
69.0,60.0,4.0
69.0,61.0,11.0
69.0,62.0,8.0
69.0,63.0,32.0
69.0,64.0,22.0
69.0,65.0,32.0
69.0,66.0,25.0
69.0,67.0,21.0
69.0,68.0,31.0
69.0,69.0,1.0
69.0,70.0,1.0
69.0,72.0,11.0
69.0,73.0,27.0
69.0,74.0,9.0
69.0,80.0,17.0
70.0,19.0,1.0
70.0,20.0,5.0
70.0,21.0,6.0
70.0,22.0,8.0
70.0,23.0,1.0
70.0,29.0,1.0
70.0,30.0,2.0
70.0,31.0,5.0
70.0,32.0,5.0
70.0,33.0,3.0
70.0,38.0,2.0
70.0,39.0,6.0
70.0,41.0,1.0
70.0,44.0,5.0
70.0,45.0,2.0
70.0,46.0,7.0
70.0,47.0,2.0
70.0,48.0,5.0
70.0,50.0,3.0
70.0,51.0,1.0
70.0,52.0,3.0
70.0,53.0,1.0
70.0,54.0,2.0
70.0,55.0,4.0
70.0,56.0,1.0
70.0,57.0,36.0
70.0,58.0,3.0
70.0,59.0,6.0
70.0,60.0,22.0
70.0,61.0,5.0
70.0,62.0,38.0
70.0,63.0,34.0
70.0,64.0,19.0
70.0,65.0,14.0
70.0,66.0,10.0
70.0,67.0,10.0
70.0,68.0,25.0
70.0,69.0,5.0
70.0,70.0,10.0
70.0,71.0,20.0
70.0,72.0,20.0
70.0,73.0,3.0
70.0,74.0,4.0
70.0,75.0,1.0
70.0,77.0,1.0
70.0,79.0,4.0
70.0,80.0,8.0
71.0,3.0,1.0
71.0,16.0,3.0
71.0,17.0,7.0
71.0,18.0,4.0
71.0,19.0,3.0
71.0,23.0,2.0
71.0,24.0,1.0
71.0,32.0,1.0
71.0,33.0,8.0
71.0,34.0,5.0
71.0,35.0,5.0
71.0,36.0,2.0
71.0,37.0,3.0
71.0,38.0,5.0
71.0,39.0,1.0
71.0,40.0,3.0
71.0,50.0,1.0
71.0,52.0,1.0
71.0,53.0,3.0
71.0,55.0,4.0
71.0,56.0,20.0
71.0,58.0,5.0
71.0,59.0,8.0
71.0,60.0,1.0
71.0,61.0,17.0
71.0,62.0,9.0
71.0,63.0,7.0
71.0,64.0,49.0
71.0,65.0,34.0
71.0,66.0,10.0
71.0,67.0,17.0
71.0,68.0,16.0
71.0,69.0,12.0
71.0,70.0,10.0
71.0,71.0,9.0
71.0,72.0,1.0
71.0,73.0,7.0
71.0,74.0,2.0
71.0,75.0,3.0
71.0,76.0,7.0
71.0,77.0,2.0
71.0,78.0,10.0
71.0,79.0,5.0
72.0,13.0,6.0
72.0,14.0,9.0
72.0,15.0,5.0
72.0,16.0,1.0
72.0,17.0,1.0
72.0,24.0,2.0
72.0,25.0,1.0
72.0,34.0,1.0
72.0,45.0,1.0
72.0,46.0,1.0
72.0,47.0,2.0
72.0,52.0,3.0
72.0,54.0,5.0
72.0,55.0,7.0
72.0,57.0,7.0
72.0,58.0,3.0
72.0,60.0,14.0
72.0,61.0,8.0
72.0,62.0,2.0
72.0,63.0,22.0
72.0,64.0,60.0
72.0,65.0,20.0
72.0,66.0,22.0
72.0,67.0,11.0
72.0,68.0,7.0
72.0,69.0,19.0
72.0,70.0,6.0
72.0,71.0,3.0
72.0,73.0,11.0
72.0,74.0,4.0
72.0,75.0,1.0
72.0,76.0,2.0
72.0,77.0,7.0
72.0,78.0,8.0
73.0,10.0,1.0
73.0,11.0,9.0
73.0,12.0,5.0
73.0,13.0,3.0
73.0,25.0,3.0
73.0,26.0,4.0
73.0,51.0,1.0
73.0,53.0,2.0
73.0,54.0,7.0
73.0,56.0,8.0
73.0,57.0,7.0
73.0,58.0,1.0
73.0,59.0,4.0
73.0,60.0,7.0
73.0,61.0,3.0
73.0,62.0,31.0
73.0,63.0,49.0
73.0,64.0,14.0
73.0,65.0,16.0
73.0,66.0,5.0
73.0,67.0,8.0
73.0,68.0,8.0
73.0,69.0,10.0
73.0,70.0,13.0
73.0,71.0,4.0
73.0,72.0,7.0
73.0,73.0,8.0
73.0,74.0,3.0
73.0,76.0,9.0
73.0,77.0,3.0
74.0,6.0,1.0
74.0,8.0,3.0
74.0,9.0,2.0
74.0,27.0,3.0
74.0,28.0,1.0
74.0,29.0,1.0
74.0,34.0,1.0
74.0,42.0,1.0
74.0,43.0,1.0
74.0,44.0,1.0
74.0,50.0,1.0
74.0,51.0,2.0
74.0,52.0,3.0
74.0,53.0,2.0
74.0,54.0,2.0
74.0,55.0,4.0
74.0,56.0,7.0
74.0,58.0,3.0
74.0,59.0,4.0
74.0,61.0,10.0
74.0,62.0,6.0
74.0,63.0,2.0
74.0,64.0,11.0
74.0,65.0,1.0
74.0,66.0,1.0
74.0,67.0,4.0
74.0,68.0,12.0
74.0,69.0,8.0
74.0,70.0,4.0
74.0,71.0,7.0
74.0,72.0,1.0
74.0,73.0,3.0
74.0,74.0,2.0
74.0,75.0,10.0
74.0,76.0,1.0
75.0,5.0,2.0
75.0,28.0,5.0
75.0,29.0,3.0
75.0,34.0,1.0
75.0,42.0,2.0
75.0,43.0,2.0
75.0,44.0,2.0
75.0,46.0,4.0
75.0,49.0,9.0
75.0,50.0,4.0
75.0,51.0,6.0
75.0,52.0,2.0
75.0,53.0,1.0
75.0,54.0,4.0
75.0,55.0,5.0
75.0,57.0,7.0
75.0,58.0,6.0
75.0,59.0,2.0
75.0,60.0,9.0
75.0,61.0,5.0
75.0,62.0,3.0
75.0,63.0,45.0
75.0,64.0,3.0
75.0,65.0,3.0
75.0,66.0,2.0
75.0,67.0,7.0
75.0,68.0,4.0
75.0,69.0,26.0
75.0,70.0,38.0
75.0,71.0,14.0
75.0,72.0,2.0
75.0,73.0,13.0
75.0,74.0,6.0
76.0,2.0,3.0
76.0,3.0,2.0
76.0,4.0,2.0
76.0,29.0,1.0
76.0,30.0,10.0
76.0,35.0,104.0
76.0,36.0,25.0
76.0,45.0,1.0
76.0,46.0,2.0
76.0,47.0,1.0
76.0,48.0,3.0
76.0,49.0,3.0
76.0,54.0,5.0
76.0,55.0,4.0
76.0,56.0,64.0
76.0,57.0,3.0
76.0,58.0,3.0
76.0,59.0,11.0
76.0,60.0,1.0
76.0,61.0,5.0
76.0,62.0,13.0
76.0,63.0,1.0
76.0,64.0,8.0
76.0,65.0,2.0
76.0,66.0,1.0
76.0,67.0,5.0
76.0,68.0,5.0
76.0,69.0,8.0
76.0,70.0,9.0
76.0,71.0,4.0
76.0,72.0,7.0
76.0,73.0,2.0
77.0,0.0,1.0
77.0,24.0,1.0
77.0,31.0,4.0
77.0,32.0,2.0
77.0,33.0,1.0
77.0,35.0,43.0
77.0,36.0,1.0
77.0,42.0,2.0
77.0,43.0,2.0
77.0,45.0,1.0
77.0,46.0,2.0
77.0,47.0,2.0
77.0,55.0,13.0
77.0,56.0,26.0
77.0,57.0,8.0
77.0,58.0,17.0
77.0,59.0,3.0
77.0,61.0,16.0
77.0,62.0,1.0
77.0,63.0,3.0
77.0,64.0,5.0
77.0,65.0,3.0
77.0,66.0,2.0
77.0,67.0,3.0
77.0,68.0,9.0
77.0,69.0,7.0
77.0,70.0,26.0
77.0,71.0,15.0
78.0,31.0,26.0
78.0,32.0,1.0
78.0,34.0,5.0
78.0,36.0,1.0
78.0,37.0,2.0
78.0,38.0,5.0
78.0,39.0,7.0
78.0,40.0,3.0
78.0,41.0,9.0
78.0,42.0,3.0
78.0,43.0,4.0
78.0,45.0,4.0
78.0,46.0,6.0
78.0,54.0,1.0
78.0,56.0,15.0
78.0,57.0,38.0
78.0,58.0,23.0
78.0,59.0,2.0
78.0,60.0,20.0
78.0,61.0,1.0
78.0,63.0,5.0
78.0,65.0,3.0
78.0,66.0,5.0
78.0,68.0,4.0
78.0,69.0,14.0
78.0,70.0,6.0
79.0,20.0,1.0
79.0,21.0,2.0
79.0,22.0,1.0
79.0,35.0,2.0
79.0,36.0,4.0
79.0,37.0,1.0
79.0,38.0,2.0
79.0,46.0,2.0
79.0,56.0,1.0
79.0,57.0,13.0
79.0,58.0,27.0
79.0,59.0,57.0
79.0,60.0,1.0
79.0,62.0,2.0
79.0,63.0,4.0
79.0,64.0,5.0
79.0,66.0,2.0
79.0,67.0,5.0
79.0,68.0,3.0
79.0,69.0,3.0
80.0,17.0,2.0
80.0,18.0,1.0
80.0,27.0,1.0
80.0,37.0,1.0
80.0,39.0,1.0
80.0,42.0,1.0
80.0,45.0,3.0
80.0,46.0,1.0
80.0,48.0,1.0
80.0,53.0,2.0
80.0,54.0,2.0
80.0,55.0,1.0
80.0,58.0,15.0
80.0,59.0,13.0
80.0,60.0,6.0
80.0,61.0,4.0
80.0,62.0,7.0
80.0,63.0,10.0
80.0,64.0,4.0
80.0,66.0,2.0
81.0,29.0,1.0
81.0,34.0,1.0
81.0,37.0,6.0
81.0,38.0,2.0
81.0,39.0,7.0
81.0,42.0,1.0
81.0,53.0,2.0
81.0,59.0,2.0
81.0,60.0,4.0
81.0,61.0,3.0
81.0,62.0,7.0
81.0,63.0,3.0
81.0,64.0,7.0
81.0,65.0,3.0
81.0,66.0,5.0
84.0,69.0,1.0
85.0,70.0,2.0
85.0,73.0,1.0
86.0,72.0,1.0
88.0,73.0,2.0
90.0,76.0,1.0
92.0,78.0,1.0
92.0,79.0,1.0
93.0,80.0,1.0
94.0,81.0,2.0
96.0,80.0,1.0
97.0,84.0,1.0
99.0,86.0,2.0
100.0,86.0,1.0
