x,y,count
13.0,26.0,1.0
14.0,19.0,1.0
14.0,23.0,1.0
14.0,28.0,1.0
17.0,28.0,1.0
17.0,60.0,1.0
17.0,61.0,2.0
18.0,60.0,1.0
19.0,8.0,1.0
19.0,9.0,1.0
19.0,10.0,2.0
19.0,13.0,2.0
19.0,17.0,2.0
19.0,18.0,1.0
19.0,28.0,1.0
19.0,58.0,1.0
19.0,60.0,1.0
20.0,13.0,1.0
20.0,28.0,1.0
20.0,52.0,2.0
20.0,54.0,1.0
22.0,59.0,3.0
22.0,62.0,1.0
23.0,6.0,1.0
23.0,29.0,1.0
23.0,44.0,1.0
23.0,45.0,2.0
23.0,51.0,4.0
23.0,54.0,6.0
23.0,55.0,1.0
23.0,57.0,1.0
23.0,59.0,1.0
24.0,42.0,3.0
24.0,43.0,1.0
24.0,44.0,7.0
24.0,45.0,13.0
24.0,46.0,1.0
24.0,47.0,2.0
24.0,49.0,1.0
24.0,53.0,4.0
24.0,59.0,2.0
25.0,9.0,1.0
25.0,10.0,1.0
25.0,11.0,1.0
25.0,24.0,3.0
25.0,25.0,3.0
25.0,27.0,6.0
25.0,29.0,3.0
25.0,30.0,1.0
25.0,31.0,4.0
25.0,32.0,2.0
25.0,33.0,1.0
25.0,35.0,3.0
25.0,37.0,2.0
25.0,38.0,2.0
25.0,39.0,2.0
25.0,40.0,2.0
25.0,41.0,1.0
25.0,42.0,1.0
25.0,44.0,1.0
25.0,45.0,2.0
25.0,47.0,1.0
25.0,62.0,1.0
26.0,10.0,1.0
26.0,12.0,2.0
26.0,13.0,3.0
26.0,15.0,2.0
26.0,16.0,1.0
26.0,17.0,1.0
26.0,18.0,2.0
26.0,19.0,3.0
26.0,20.0,3.0
26.0,21.0,1.0
26.0,22.0,2.0
26.0,26.0,2.0
26.0,27.0,1.0
26.0,29.0,1.0
26.0,42.0,1.0
26.0,44.0,3.0
26.0,45.0,4.0
26.0,63.0,1.0
27.0,7.0,3.0
27.0,8.0,1.0
27.0,10.0,1.0
27.0,13.0,1.0
27.0,15.0,1.0
27.0,42.0,1.0
27.0,45.0,2.0
27.0,53.0,1.0
27.0,56.0,1.0
27.0,59.0,1.0
28.0,3.0,2.0
28.0,5.0,1.0
28.0,19.0,1.0
28.0,20.0,1.0
28.0,22.0,3.0
28.0,42.0,1.0
28.0,44.0,1.0
28.0,45.0,2.0
28.0,59.0,1.0
28.0,62.0,1.0
29.0,23.0,1.0
29.0,45.0,1.0
29.0,53.0,1.0
29.0,59.0,1.0
30.0,15.0,5.0
30.0,17.0,1.0
30.0,22.0,1.0
30.0,24.0,1.0
30.0,42.0,1.0
30.0,44.0,1.0
30.0,45.0,2.0
30.0,47.0,1.0
30.0,53.0,1.0
30.0,62.0,2.0
31.0,25.0,2.0
31.0,44.0,2.0
31.0,45.0,1.0
31.0,46.0,2.0
31.0,62.0,1.0
32.0,15.0,1.0
32.0,38.0,2.0
32.0,41.0,1.0
32.0,44.0,1.0
32.0,45.0,1.0
32.0,46.0,1.0
32.0,59.0,2.0
32.0,62.0,1.0
33.0,26.0,1.0
33.0,29.0,1.0
33.0,30.0,5.0
33.0,37.0,1.0
33.0,41.0,3.0
33.0,44.0,1.0
33.0,46.0,1.0
33.0,53.0,1.0
34.0,46.0,1.0
34.0,47.0,1.0
34.0,63.0,1.0
35.0,34.0,1.0
35.0,45.0,1.0
35.0,54.0,2.0
36.0,27.0,1.0
36.0,32.0,1.0
36.0,46.0,2.0
36.0,54.0,1.0
36.0,58.0,1.0
36.0,61.0,1.0
36.0,63.0,2.0
36.0,64.0,1.0
37.0,45.0,1.0
37.0,54.0,1.0
37.0,55.0,1.0
37.0,59.0,1.0
37.0,63.0,1.0
37.0,65.0,1.0
38.0,28.0,1.0
38.0,29.0,2.0
38.0,36.0,1.0
38.0,49.0,2.0
38.0,54.0,2.0
38.0,55.0,1.0
38.0,59.0,1.0
38.0,62.0,1.0
38.0,65.0,1.0
39.0,29.0,1.0
39.0,45.0,1.0
39.0,47.0,1.0
39.0,50.0,1.0
39.0,51.0,3.0
39.0,54.0,1.0
39.0,58.0,2.0
39.0,59.0,2.0
39.0,64.0,1.0
40.0,30.0,2.0
40.0,31.0,1.0
40.0,41.0,1.0
40.0,46.0,1.0
40.0,47.0,3.0
40.0,49.0,1.0
40.0,51.0,1.0
40.0,60.0,1.0
40.0,64.0,2.0
40.0,65.0,1.0
40.0,74.0,1.0
41.0,28.0,5.0
41.0,29.0,1.0
41.0,31.0,1.0
41.0,46.0,2.0
41.0,47.0,3.0
41.0,50.0,4.0
41.0,51.0,2.0
41.0,60.0,2.0
41.0,64.0,2.0
41.0,66.0,1.0
41.0,71.0,1.0
41.0,72.0,1.0
41.0,73.0,1.0
42.0,9.0,1.0
42.0,27.0,2.0
42.0,44.0,3.0
42.0,46.0,2.0
42.0,49.0,1.0
42.0,52.0,1.0
42.0,66.0,2.0
42.0,73.0,1.0
43.0,10.0,1.0
43.0,26.0,1.0
43.0,31.0,1.0
43.0,41.0,1.0
43.0,44.0,2.0
43.0,46.0,1.0
43.0,47.0,1.0
43.0,48.0,7.0
43.0,52.0,1.0
43.0,56.0,1.0
43.0,57.0,2.0
43.0,60.0,2.0
43.0,61.0,1.0
43.0,64.0,2.0
43.0,68.0,2.0
43.0,73.0,2.0
44.0,11.0,3.0
44.0,15.0,2.0
44.0,21.0,1.0
44.0,23.0,1.0
44.0,40.0,2.0
44.0,43.0,1.0
44.0,44.0,1.0
44.0,48.0,3.0
44.0,52.0,2.0
44.0,54.0,1.0
44.0,64.0,1.0
44.0,65.0,1.0
44.0,66.0,1.0
44.0,73.0,2.0
44.0,74.0,2.0
44.0,78.0,1.0
45.0,12.0,1.0
45.0,13.0,1.0
45.0,21.0,4.0
45.0,32.0,2.0
45.0,33.0,3.0
45.0,40.0,1.0
45.0,41.0,1.0
45.0,43.0,1.0
45.0,44.0,1.0
45.0,45.0,1.0
45.0,48.0,4.0
45.0,50.0,2.0
45.0,51.0,1.0
45.0,53.0,1.0
45.0,54.0,1.0
45.0,64.0,3.0
45.0,65.0,1.0
45.0,73.0,2.0
45.0,74.0,3.0
45.0,75.0,1.0
45.0,77.0,2.0
45.0,78.0,4.0
46.0,5.0,1.0
46.0,8.0,1.0
46.0,9.0,2.0
46.0,21.0,1.0
46.0,26.0,1.0
46.0,33.0,1.0
46.0,37.0,1.0
46.0,50.0,4.0
46.0,52.0,3.0
46.0,55.0,1.0
46.0,63.0,1.0
46.0,64.0,2.0
46.0,65.0,1.0
46.0,71.0,1.0
46.0,73.0,2.0
46.0,74.0,7.0
46.0,75.0,3.0
46.0,76.0,1.0
46.0,78.0,3.0
47.0,1.0,6.0
47.0,2.0,1.0
47.0,11.0,2.0
47.0,16.0,1.0
47.0,17.0,1.0
47.0,18.0,1.0
47.0,23.0,1.0
47.0,33.0,1.0
47.0,34.0,1.0
47.0,44.0,2.0
47.0,47.0,1.0
47.0,53.0,1.0
47.0,61.0,1.0
47.0,63.0,1.0
47.0,65.0,2.0
47.0,66.0,1.0
47.0,72.0,3.0
47.0,74.0,3.0
47.0,75.0,6.0
47.0,76.0,2.0
47.0,77.0,4.0
47.0,78.0,2.0
48.0,9.0,1.0
48.0,12.0,1.0
48.0,19.0,1.0
48.0,36.0,4.0
48.0,43.0,1.0
48.0,53.0,3.0
48.0,61.0,2.0
48.0,63.0,1.0
48.0,65.0,2.0
48.0,68.0,1.0
48.0,72.0,1.0
48.0,73.0,1.0
48.0,74.0,10.0
48.0,75.0,10.0
48.0,76.0,3.0
48.0,77.0,2.0
48.0,78.0,2.0
49.0,19.0,1.0
49.0,34.0,1.0
49.0,35.0,1.0
49.0,36.0,1.0
49.0,43.0,1.0
49.0,44.0,3.0
49.0,51.0,10.0
49.0,53.0,1.0
49.0,54.0,1.0
49.0,56.0,1.0
49.0,58.0,1.0
49.0,63.0,1.0
49.0,65.0,2.0
49.0,73.0,1.0
49.0,75.0,12.0
49.0,76.0,3.0
49.0,77.0,1.0
49.0,78.0,1.0
50.0,12.0,1.0
50.0,13.0,1.0
50.0,15.0,1.0
50.0,19.0,1.0
50.0,20.0,1.0
50.0,24.0,1.0
50.0,25.0,1.0
50.0,29.0,1.0
50.0,32.0,1.0
50.0,33.0,1.0
50.0,34.0,1.0
50.0,36.0,1.0
50.0,37.0,1.0
50.0,38.0,1.0
50.0,39.0,2.0
50.0,40.0,1.0
50.0,43.0,2.0
50.0,44.0,2.0
50.0,50.0,3.0
50.0,51.0,2.0
50.0,52.0,1.0
50.0,53.0,1.0
50.0,64.0,2.0
50.0,68.0,1.0
50.0,74.0,6.0
50.0,75.0,2.0
50.0,76.0,1.0
50.0,77.0,4.0
50.0,78.0,1.0
51.0,13.0,1.0
51.0,21.0,2.0
51.0,23.0,1.0
51.0,24.0,1.0
51.0,27.0,1.0
51.0,28.0,1.0
51.0,30.0,1.0
51.0,33.0,2.0
51.0,34.0,1.0
51.0,35.0,1.0
51.0,36.0,4.0
51.0,37.0,7.0
51.0,38.0,2.0
51.0,39.0,8.0
51.0,41.0,3.0
51.0,42.0,4.0
51.0,43.0,13.0
51.0,44.0,4.0
51.0,45.0,2.0
51.0,47.0,1.0
51.0,48.0,3.0
51.0,52.0,1.0
51.0,53.0,1.0
51.0,54.0,1.0
51.0,62.0,2.0
51.0,64.0,1.0
51.0,66.0,3.0
51.0,67.0,2.0
51.0,69.0,3.0
51.0,70.0,3.0
51.0,71.0,1.0
51.0,72.0,3.0
51.0,73.0,2.0
51.0,74.0,1.0
51.0,75.0,1.0
52.0,14.0,1.0
52.0,15.0,1.0
52.0,16.0,1.0
52.0,18.0,1.0
52.0,21.0,1.0
52.0,22.0,5.0
52.0,33.0,4.0
52.0,34.0,1.0
52.0,35.0,10.0
52.0,43.0,3.0
52.0,45.0,1.0
52.0,48.0,1.0
52.0,50.0,1.0
52.0,53.0,1.0
52.0,62.0,1.0
52.0,63.0,3.0
52.0,64.0,2.0
52.0,65.0,1.0
52.0,66.0,5.0
52.0,69.0,1.0
52.0,70.0,2.0
52.0,72.0,1.0
52.0,74.0,1.0
52.0,75.0,3.0
53.0,11.0,2.0
53.0,17.0,2.0
53.0,19.0,1.0
53.0,20.0,3.0
53.0,24.0,1.0
53.0,32.0,1.0
53.0,33.0,1.0
53.0,34.0,2.0
53.0,35.0,14.0
53.0,36.0,2.0
53.0,39.0,1.0
53.0,41.0,1.0
53.0,47.0,1.0
53.0,51.0,1.0
53.0,52.0,10.0
53.0,53.0,2.0
53.0,54.0,2.0
53.0,55.0,1.0
53.0,56.0,2.0
53.0,57.0,1.0
53.0,58.0,2.0
53.0,59.0,1.0
53.0,60.0,4.0
53.0,62.0,1.0
53.0,63.0,1.0
53.0,64.0,1.0
53.0,69.0,2.0
53.0,70.0,7.0
53.0,72.0,1.0
53.0,74.0,1.0
53.0,75.0,2.0
53.0,77.0,2.0
54.0,18.0,1.0
54.0,19.0,1.0
54.0,20.0,5.0
54.0,22.0,2.0
54.0,23.0,2.0
54.0,24.0,2.0
54.0,30.0,1.0
54.0,32.0,2.0
54.0,34.0,2.0
54.0,35.0,2.0
54.0,36.0,3.0
54.0,38.0,1.0
54.0,43.0,2.0
54.0,45.0,1.0
54.0,47.0,1.0
54.0,48.0,1.0
54.0,50.0,4.0
54.0,51.0,3.0
54.0,52.0,2.0
54.0,53.0,4.0
54.0,54.0,5.0
54.0,55.0,2.0
54.0,58.0,1.0
54.0,64.0,5.0
54.0,69.0,1.0
54.0,70.0,1.0
54.0,73.0,2.0
54.0,75.0,3.0
54.0,77.0,1.0
55.0,19.0,1.0
55.0,24.0,1.0
55.0,32.0,2.0
55.0,33.0,1.0
55.0,34.0,1.0
55.0,36.0,5.0
55.0,37.0,1.0
55.0,40.0,2.0
55.0,43.0,4.0
55.0,44.0,1.0
55.0,45.0,2.0
55.0,46.0,4.0
55.0,48.0,4.0
55.0,49.0,6.0
55.0,50.0,4.0
55.0,51.0,2.0
55.0,52.0,4.0
55.0,55.0,1.0
55.0,59.0,2.0
55.0,61.0,3.0
55.0,62.0,4.0
55.0,63.0,1.0
55.0,64.0,1.0
55.0,69.0,1.0
55.0,70.0,3.0
55.0,71.0,2.0
55.0,74.0,1.0
55.0,75.0,2.0
55.0,76.0,2.0
56.0,17.0,1.0
56.0,19.0,1.0
56.0,29.0,2.0
56.0,30.0,1.0
56.0,31.0,2.0
56.0,32.0,4.0
56.0,33.0,3.0
56.0,34.0,3.0
56.0,35.0,2.0
56.0,36.0,2.0
56.0,37.0,1.0
56.0,43.0,1.0
56.0,46.0,4.0
56.0,47.0,1.0
56.0,49.0,1.0
56.0,52.0,2.0
56.0,53.0,1.0
56.0,54.0,2.0
56.0,55.0,2.0
56.0,59.0,1.0
56.0,60.0,2.0
56.0,64.0,1.0
56.0,65.0,1.0
56.0,66.0,1.0
56.0,69.0,3.0
56.0,70.0,3.0
56.0,71.0,3.0
56.0,72.0,1.0
56.0,73.0,4.0
56.0,74.0,2.0
56.0,75.0,1.0
56.0,78.0,1.0
57.0,17.0,3.0
57.0,19.0,1.0
57.0,25.0,1.0
57.0,27.0,1.0
57.0,28.0,1.0
57.0,32.0,1.0
57.0,33.0,2.0
57.0,34.0,1.0
57.0,35.0,1.0
57.0,36.0,1.0
57.0,37.0,1.0
57.0,40.0,1.0
57.0,43.0,1.0
57.0,46.0,1.0
57.0,49.0,2.0
57.0,50.0,2.0
57.0,51.0,1.0
57.0,54.0,2.0
57.0,55.0,3.0
57.0,57.0,1.0
57.0,63.0,3.0
57.0,64.0,3.0
57.0,65.0,3.0
57.0,66.0,1.0
57.0,67.0,1.0
57.0,70.0,2.0
57.0,71.0,5.0
57.0,73.0,2.0
57.0,74.0,1.0
57.0,76.0,5.0
57.0,77.0,1.0
57.0,78.0,2.0
57.0,79.0,3.0
58.0,19.0,1.0
58.0,26.0,1.0
58.0,27.0,1.0
58.0,28.0,2.0
58.0,29.0,1.0
58.0,30.0,1.0
58.0,33.0,1.0
58.0,36.0,2.0
58.0,38.0,1.0
58.0,42.0,1.0
58.0,43.0,2.0
58.0,44.0,1.0
58.0,45.0,1.0
58.0,46.0,2.0
58.0,52.0,4.0
58.0,53.0,2.0
58.0,54.0,6.0
58.0,55.0,1.0
58.0,56.0,1.0
58.0,57.0,2.0
58.0,58.0,2.0
58.0,59.0,1.0
58.0,60.0,1.0
58.0,61.0,1.0
58.0,63.0,1.0
58.0,64.0,4.0
58.0,65.0,1.0
58.0,66.0,3.0
58.0,67.0,1.0
58.0,68.0,3.0
58.0,69.0,3.0
58.0,70.0,1.0
58.0,71.0,4.0
58.0,72.0,1.0
58.0,73.0,5.0
58.0,74.0,5.0
58.0,75.0,1.0
58.0,76.0,3.0
58.0,78.0,2.0
58.0,79.0,3.0
59.0,19.0,1.0
59.0,20.0,1.0
59.0,29.0,1.0
59.0,32.0,1.0
59.0,33.0,8.0
59.0,35.0,2.0
59.0,36.0,3.0
59.0,46.0,9.0
59.0,47.0,2.0
59.0,49.0,4.0
59.0,50.0,1.0
59.0,51.0,2.0
59.0,52.0,6.0
59.0,53.0,5.0
59.0,54.0,2.0
59.0,55.0,2.0
59.0,56.0,1.0
59.0,57.0,2.0
59.0,58.0,2.0
59.0,59.0,1.0
59.0,60.0,6.0
59.0,61.0,5.0
59.0,62.0,3.0
59.0,63.0,3.0
59.0,64.0,2.0
59.0,65.0,7.0
59.0,66.0,9.0
59.0,67.0,3.0
59.0,68.0,9.0
59.0,69.0,1.0
59.0,70.0,3.0
59.0,71.0,3.0
59.0,72.0,7.0
59.0,73.0,4.0
59.0,74.0,2.0
59.0,75.0,3.0
59.0,76.0,1.0
59.0,78.0,1.0
59.0,80.0,1.0
60.0,26.0,2.0
60.0,29.0,2.0
60.0,31.0,1.0
60.0,33.0,2.0
60.0,36.0,3.0
60.0,39.0,1.0
60.0,42.0,1.0
60.0,44.0,1.0
60.0,46.0,1.0
60.0,48.0,1.0
60.0,50.0,4.0
60.0,51.0,1.0
60.0,52.0,2.0
60.0,53.0,2.0
60.0,54.0,2.0
60.0,56.0,3.0
60.0,57.0,5.0
60.0,58.0,3.0
60.0,59.0,1.0
60.0,60.0,4.0
60.0,61.0,2.0
60.0,62.0,1.0
60.0,63.0,3.0
60.0,64.0,1.0
60.0,65.0,17.0
60.0,66.0,7.0
60.0,67.0,2.0
60.0,68.0,2.0
60.0,69.0,3.0
60.0,70.0,5.0
60.0,71.0,2.0
60.0,74.0,17.0
60.0,76.0,1.0
60.0,77.0,1.0
60.0,78.0,1.0
60.0,79.0,1.0
61.0,17.0,1.0
61.0,26.0,1.0
61.0,32.0,1.0
61.0,33.0,5.0
61.0,35.0,1.0
61.0,36.0,8.0
61.0,37.0,2.0
61.0,39.0,1.0
61.0,40.0,4.0
61.0,41.0,3.0
61.0,42.0,1.0
61.0,43.0,1.0
61.0,44.0,2.0
61.0,45.0,1.0
61.0,46.0,6.0
61.0,48.0,2.0
61.0,49.0,1.0
61.0,50.0,4.0
61.0,52.0,4.0
61.0,53.0,6.0
61.0,54.0,1.0
61.0,55.0,7.0
61.0,56.0,2.0
61.0,57.0,2.0
61.0,59.0,1.0
61.0,60.0,6.0
61.0,62.0,7.0
61.0,63.0,2.0
61.0,64.0,1.0
61.0,65.0,2.0
61.0,66.0,3.0
61.0,68.0,2.0
61.0,70.0,1.0
61.0,71.0,2.0
61.0,72.0,1.0
61.0,74.0,3.0
61.0,76.0,1.0
61.0,78.0,1.0
61.0,81.0,1.0
62.0,33.0,11.0
62.0,35.0,3.0
62.0,36.0,1.0
62.0,40.0,1.0
62.0,41.0,1.0
62.0,43.0,1.0
62.0,44.0,3.0
62.0,45.0,2.0
62.0,46.0,1.0
62.0,49.0,1.0
62.0,50.0,7.0
62.0,56.0,4.0
62.0,59.0,3.0
62.0,60.0,6.0
62.0,61.0,3.0
62.0,62.0,2.0
62.0,63.0,7.0
62.0,65.0,1.0
62.0,66.0,5.0
62.0,67.0,2.0
62.0,69.0,4.0
62.0,71.0,2.0
62.0,72.0,8.0
62.0,73.0,10.0
62.0,74.0,1.0
62.0,79.0,31.0
62.0,80.0,1.0
63.0,20.0,2.0
63.0,25.0,1.0
63.0,33.0,7.0
63.0,34.0,3.0
63.0,35.0,1.0
63.0,36.0,2.0
63.0,40.0,2.0
63.0,47.0,1.0
63.0,50.0,1.0
63.0,54.0,1.0
63.0,55.0,1.0
63.0,56.0,3.0
63.0,57.0,4.0
63.0,58.0,5.0
63.0,59.0,2.0
63.0,61.0,5.0
63.0,62.0,3.0
63.0,63.0,7.0
63.0,64.0,2.0
63.0,65.0,1.0
63.0,66.0,4.0
63.0,67.0,4.0
63.0,70.0,2.0
63.0,78.0,2.0
63.0,79.0,2.0
63.0,80.0,19.0
64.0,18.0,1.0
64.0,20.0,1.0
64.0,25.0,8.0
64.0,33.0,3.0
64.0,35.0,1.0
64.0,36.0,4.0
64.0,50.0,2.0
64.0,55.0,7.0
64.0,56.0,1.0
64.0,57.0,5.0
64.0,59.0,1.0
64.0,60.0,1.0
64.0,61.0,1.0
64.0,62.0,2.0
64.0,63.0,3.0
64.0,64.0,8.0
64.0,65.0,3.0
64.0,66.0,6.0
64.0,67.0,1.0
64.0,68.0,2.0
64.0,71.0,1.0
64.0,74.0,3.0
64.0,77.0,5.0
64.0,79.0,2.0
64.0,80.0,1.0
65.0,20.0,1.0
65.0,21.0,1.0
65.0,33.0,12.0
65.0,35.0,1.0
65.0,47.0,1.0
65.0,52.0,2.0
65.0,54.0,2.0
65.0,55.0,11.0
65.0,58.0,1.0
65.0,60.0,1.0
65.0,61.0,2.0
65.0,62.0,6.0
65.0,63.0,3.0
65.0,64.0,2.0
65.0,65.0,2.0
65.0,66.0,5.0
65.0,67.0,1.0
65.0,68.0,1.0
65.0,70.0,2.0
65.0,73.0,1.0
65.0,74.0,2.0
65.0,75.0,1.0
65.0,76.0,2.0
65.0,77.0,1.0
65.0,79.0,1.0
65.0,80.0,1.0
65.0,81.0,3.0
66.0,21.0,1.0
66.0,33.0,9.0
66.0,35.0,3.0
66.0,36.0,1.0
66.0,46.0,1.0
66.0,50.0,6.0
66.0,51.0,1.0
66.0,52.0,8.0
66.0,53.0,2.0
66.0,55.0,3.0
66.0,58.0,3.0
66.0,60.0,1.0
66.0,62.0,2.0
66.0,63.0,6.0
66.0,64.0,4.0
66.0,66.0,3.0
66.0,67.0,2.0
66.0,68.0,36.0
66.0,69.0,3.0
66.0,70.0,1.0
66.0,72.0,2.0
66.0,74.0,2.0
66.0,75.0,5.0
66.0,78.0,4.0
67.0,22.0,1.0
67.0,26.0,2.0
67.0,33.0,1.0
67.0,36.0,1.0
67.0,50.0,1.0
67.0,51.0,1.0
67.0,52.0,1.0
67.0,53.0,2.0
67.0,54.0,2.0
67.0,59.0,1.0
67.0,60.0,2.0
67.0,62.0,11.0
67.0,63.0,28.0
67.0,64.0,1.0
67.0,65.0,2.0
67.0,66.0,4.0
67.0,67.0,3.0
67.0,68.0,10.0
67.0,69.0,3.0
67.0,74.0,2.0
67.0,75.0,1.0
67.0,76.0,1.0
67.0,77.0,1.0
67.0,78.0,1.0
67.0,79.0,6.0
67.0,80.0,2.0
68.0,19.0,2.0
68.0,23.0,3.0
68.0,24.0,4.0
68.0,25.0,4.0
68.0,26.0,3.0
68.0,28.0,1.0
68.0,33.0,10.0
68.0,34.0,1.0
68.0,46.0,3.0
68.0,47.0,1.0
68.0,49.0,3.0
68.0,50.0,3.0
68.0,51.0,5.0
68.0,59.0,5.0
68.0,60.0,1.0
68.0,61.0,4.0
68.0,62.0,25.0
68.0,63.0,6.0
68.0,64.0,1.0
68.0,65.0,32.0
68.0,66.0,5.0
68.0,67.0,5.0
68.0,68.0,6.0
68.0,69.0,1.0
68.0,70.0,1.0
68.0,72.0,1.0
68.0,73.0,5.0
68.0,74.0,1.0
68.0,75.0,1.0
68.0,80.0,1.0
69.0,20.0,1.0
69.0,21.0,4.0
69.0,22.0,4.0
69.0,23.0,2.0
69.0,24.0,1.0
69.0,26.0,3.0
69.0,28.0,4.0
69.0,29.0,1.0
69.0,33.0,3.0
69.0,42.0,4.0
69.0,43.0,4.0
69.0,44.0,3.0
69.0,49.0,2.0
69.0,50.0,1.0
69.0,51.0,1.0
69.0,52.0,2.0
69.0,53.0,4.0
69.0,55.0,4.0
69.0,57.0,1.0
69.0,58.0,1.0
69.0,60.0,1.0
69.0,61.0,3.0
69.0,62.0,1.0
69.0,63.0,23.0
69.0,64.0,2.0
69.0,65.0,8.0
69.0,66.0,22.0
69.0,67.0,4.0
69.0,68.0,4.0
69.0,69.0,1.0
69.0,72.0,1.0
69.0,73.0,10.0
69.0,77.0,6.0
69.0,80.0,2.0
70.0,19.0,3.0
70.0,20.0,3.0
70.0,21.0,6.0
70.0,22.0,1.0
70.0,29.0,1.0
70.0,30.0,2.0
70.0,31.0,4.0
70.0,32.0,3.0
70.0,34.0,2.0
70.0,41.0,2.0
70.0,44.0,5.0
70.0,45.0,10.0
70.0,46.0,4.0
70.0,47.0,4.0
70.0,48.0,3.0
70.0,49.0,3.0
70.0,50.0,2.0
70.0,51.0,1.0
70.0,54.0,1.0
70.0,55.0,3.0
70.0,56.0,1.0
70.0,57.0,4.0
70.0,58.0,1.0
70.0,59.0,1.0
70.0,60.0,1.0
70.0,61.0,1.0
70.0,62.0,7.0
70.0,63.0,46.0
70.0,64.0,2.0
70.0,66.0,9.0
70.0,67.0,4.0
70.0,68.0,4.0
70.0,69.0,1.0
70.0,70.0,20.0
70.0,71.0,2.0
70.0,72.0,4.0
70.0,73.0,1.0
70.0,76.0,1.0
70.0,80.0,1.0
71.0,16.0,1.0
71.0,17.0,4.0
71.0,18.0,5.0
71.0,19.0,4.0
71.0,23.0,2.0
71.0,32.0,2.0
71.0,33.0,6.0
71.0,34.0,20.0
71.0,35.0,6.0
71.0,36.0,3.0
71.0,37.0,2.0
71.0,38.0,3.0
71.0,39.0,5.0
71.0,40.0,4.0
71.0,42.0,1.0
71.0,47.0,1.0
71.0,49.0,1.0
71.0,53.0,3.0
71.0,55.0,1.0
71.0,56.0,3.0
71.0,58.0,1.0
71.0,59.0,2.0
71.0,61.0,2.0
71.0,64.0,4.0
71.0,65.0,8.0
71.0,66.0,13.0
71.0,67.0,4.0
71.0,68.0,5.0
71.0,69.0,8.0
71.0,70.0,4.0
71.0,72.0,3.0
71.0,78.0,2.0
72.0,13.0,3.0
72.0,14.0,3.0
72.0,15.0,6.0
72.0,16.0,3.0
72.0,17.0,1.0
72.0,24.0,1.0
72.0,25.0,2.0
72.0,34.0,6.0
72.0,44.0,1.0
72.0,47.0,1.0
72.0,50.0,1.0
72.0,52.0,1.0
72.0,54.0,1.0
72.0,58.0,2.0
72.0,59.0,1.0
72.0,60.0,3.0
72.0,61.0,1.0
72.0,63.0,8.0
72.0,64.0,30.0
72.0,65.0,37.0
72.0,66.0,14.0
72.0,67.0,2.0
72.0,68.0,5.0
72.0,69.0,8.0
72.0,72.0,1.0
72.0,73.0,1.0
72.0,74.0,1.0
72.0,77.0,2.0
72.0,78.0,2.0
73.0,10.0,1.0
73.0,11.0,6.0
73.0,12.0,5.0
73.0,13.0,2.0
73.0,26.0,3.0
73.0,34.0,7.0
73.0,53.0,1.0
73.0,54.0,1.0
73.0,57.0,2.0
73.0,58.0,1.0
73.0,59.0,4.0
73.0,61.0,1.0
73.0,62.0,15.0
73.0,63.0,40.0
73.0,64.0,2.0
73.0,65.0,4.0
73.0,66.0,3.0
73.0,67.0,6.0
73.0,68.0,4.0
73.0,69.0,2.0
73.0,70.0,2.0
73.0,71.0,2.0
73.0,72.0,1.0
73.0,73.0,3.0
74.0,7.0,2.0
74.0,27.0,1.0
74.0,34.0,4.0
74.0,42.0,1.0
74.0,51.0,2.0
74.0,53.0,1.0
74.0,54.0,1.0
74.0,55.0,1.0
74.0,56.0,1.0
74.0,58.0,6.0
74.0,60.0,3.0
74.0,61.0,5.0
74.0,62.0,1.0
74.0,63.0,5.0
74.0,64.0,4.0
74.0,65.0,2.0
74.0,66.0,1.0
74.0,67.0,2.0
74.0,68.0,8.0
74.0,69.0,6.0
74.0,70.0,2.0
74.0,72.0,4.0
74.0,73.0,1.0
74.0,75.0,2.0
75.0,28.0,2.0
75.0,29.0,1.0
75.0,34.0,19.0
75.0,42.0,1.0
75.0,44.0,3.0
75.0,46.0,1.0
75.0,49.0,3.0
75.0,50.0,2.0
75.0,51.0,4.0
75.0,52.0,2.0
75.0,54.0,1.0
75.0,55.0,3.0
75.0,60.0,2.0
75.0,61.0,1.0
75.0,62.0,4.0
75.0,63.0,3.0
75.0,66.0,5.0
75.0,67.0,1.0
75.0,68.0,1.0
75.0,69.0,5.0
75.0,72.0,1.0
75.0,73.0,1.0
75.0,74.0,1.0
76.0,1.0,2.0
76.0,2.0,1.0
76.0,29.0,3.0
76.0,30.0,2.0
76.0,34.0,30.0
76.0,35.0,225.0
76.0,36.0,29.0
76.0,44.0,1.0
76.0,45.0,1.0
76.0,54.0,2.0
76.0,55.0,2.0
76.0,56.0,37.0
76.0,57.0,1.0
76.0,59.0,2.0
76.0,62.0,1.0
76.0,68.0,2.0
76.0,69.0,4.0
76.0,70.0,1.0
76.0,72.0,3.0
76.0,73.0,2.0
77.0,30.0,1.0
77.0,31.0,1.0
77.0,32.0,1.0
77.0,34.0,12.0
77.0,35.0,279.0
77.0,36.0,283.0
77.0,44.0,1.0
77.0,46.0,1.0
77.0,48.0,1.0
77.0,55.0,2.0
77.0,56.0,5.0
77.0,58.0,1.0
77.0,59.0,1.0
77.0,63.0,1.0
77.0,68.0,2.0
77.0,69.0,1.0
77.0,70.0,1.0
78.0,32.0,1.0
78.0,33.0,1.0
78.0,34.0,5.0
78.0,35.0,3.0
78.0,37.0,3.0
78.0,38.0,1.0
78.0,39.0,2.0
78.0,40.0,2.0
78.0,41.0,4.0
78.0,42.0,3.0
78.0,43.0,2.0
78.0,44.0,1.0
78.0,56.0,1.0
78.0,57.0,10.0
78.0,60.0,2.0
78.0,63.0,2.0
78.0,66.0,2.0
78.0,67.0,3.0
78.0,69.0,2.0
78.0,70.0,1.0
79.0,36.0,2.0
79.0,37.0,1.0
79.0,57.0,2.0
79.0,58.0,2.0
79.0,59.0,2.0
79.0,61.0,2.0
79.0,62.0,1.0
79.0,63.0,2.0
79.0,68.0,2.0
80.0,36.0,3.0
80.0,59.0,1.0
80.0,60.0,1.0
80.0,61.0,4.0
80.0,62.0,6.0
80.0,63.0,5.0
80.0,66.0,1.0
81.0,60.0,1.0
81.0,61.0,2.0
81.0,62.0,1.0
81.0,63.0,1.0
81.0,66.0,3.0
82.0,40.0,1.0
85.0,71.0,1.0
85.0,72.0,1.0
86.0,72.0,1.0
88.0,74.0,3.0
91.0,47.0,1.0
92.0,79.0,2.0
93.0,80.0,2.0
95.0,81.0,1.0
