x,y,count
17.0,54.0,2.0
17.0,55.0,1.0
22.0,28.0,3.0
22.0,62.0,1.0
22.0,63.0,2.0
23.0,10.0,1.0
23.0,27.0,1.0
23.0,29.0,16.0
23.0,43.0,3.0
23.0,44.0,2.0
23.0,47.0,1.0
23.0,50.0,1.0
23.0,51.0,2.0
23.0,59.0,1.0
23.0,62.0,1.0
23.0,63.0,1.0
23.0,92.0,1.0
24.0,8.0,5.0
24.0,42.0,1.0
24.0,43.0,1.0
24.0,44.0,1.0
24.0,45.0,2.0
24.0,47.0,1.0
24.0,48.0,1.0
24.0,59.0,8.0
24.0,83.0,1.0
25.0,8.0,1.0
25.0,15.0,2.0
25.0,16.0,3.0
25.0,17.0,7.0
25.0,18.0,1.0
25.0,19.0,1.0
25.0,25.0,1.0
25.0,27.0,1.0
25.0,31.0,1.0
25.0,36.0,1.0
25.0,38.0,1.0
25.0,39.0,1.0
25.0,41.0,1.0
25.0,42.0,1.0
25.0,45.0,3.0
25.0,47.0,1.0
25.0,59.0,4.0
26.0,16.0,1.0
26.0,17.0,1.0
26.0,19.0,2.0
26.0,22.0,1.0
26.0,29.0,27.0
26.0,41.0,1.0
26.0,62.0,1.0
26.0,63.0,1.0
26.0,81.0,2.0
27.0,9.0,1.0
27.0,11.0,1.0
27.0,29.0,3.0
27.0,42.0,1.0
27.0,44.0,1.0
27.0,45.0,1.0
27.0,52.0,1.0
27.0,57.0,1.0
27.0,59.0,5.0
27.0,62.0,5.0
28.0,19.0,1.0
28.0,56.0,1.0
28.0,59.0,1.0
28.0,60.0,2.0
28.0,61.0,2.0
28.0,62.0,2.0
28.0,77.0,2.0
29.0,13.0,1.0
29.0,29.0,1.0
29.0,39.0,21.0
29.0,42.0,1.0
29.0,44.0,2.0
29.0,47.0,1.0
29.0,50.0,2.0
29.0,51.0,1.0
29.0,59.0,5.0
29.0,61.0,2.0
29.0,62.0,1.0
29.0,64.0,1.0
29.0,77.0,2.0
30.0,15.0,1.0
30.0,16.0,1.0
30.0,43.0,2.0
30.0,44.0,5.0
30.0,45.0,1.0
30.0,49.0,1.0
30.0,51.0,1.0
30.0,52.0,1.0
30.0,59.0,3.0
30.0,61.0,14.0
30.0,62.0,2.0
31.0,12.0,1.0
31.0,41.0,1.0
31.0,43.0,3.0
31.0,44.0,6.0
31.0,45.0,1.0
31.0,46.0,2.0
31.0,47.0,4.0
31.0,48.0,1.0
31.0,49.0,1.0
31.0,52.0,1.0
31.0,53.0,1.0
31.0,55.0,1.0
31.0,56.0,1.0
31.0,59.0,1.0
31.0,61.0,8.0
31.0,62.0,1.0
32.0,26.0,2.0
32.0,43.0,2.0
32.0,44.0,3.0
32.0,45.0,7.0
32.0,46.0,4.0
32.0,54.0,2.0
32.0,55.0,1.0
32.0,56.0,1.0
32.0,58.0,2.0
32.0,59.0,3.0
32.0,61.0,1.0
32.0,62.0,1.0
33.0,26.0,2.0
33.0,28.0,1.0
33.0,29.0,1.0
33.0,43.0,2.0
33.0,44.0,9.0
33.0,46.0,1.0
33.0,53.0,1.0
33.0,55.0,1.0
33.0,57.0,9.0
33.0,58.0,1.0
33.0,59.0,6.0
33.0,61.0,1.0
33.0,62.0,7.0
33.0,63.0,3.0
34.0,14.0,1.0
34.0,26.0,1.0
34.0,27.0,1.0
34.0,28.0,1.0
34.0,44.0,1.0
34.0,45.0,1.0
34.0,47.0,2.0
34.0,52.0,2.0
34.0,56.0,1.0
34.0,59.0,7.0
34.0,61.0,1.0
34.0,63.0,1.0
35.0,45.0,5.0
35.0,48.0,1.0
35.0,51.0,1.0
35.0,56.0,3.0
35.0,59.0,2.0
35.0,61.0,1.0
35.0,63.0,3.0
35.0,66.0,1.0
36.0,9.0,4.0
36.0,12.0,1.0
36.0,14.0,1.0
36.0,45.0,3.0
36.0,48.0,1.0
36.0,55.0,1.0
36.0,56.0,1.0
36.0,57.0,1.0
36.0,58.0,1.0
36.0,59.0,6.0
36.0,60.0,5.0
36.0,61.0,1.0
36.0,63.0,6.0
36.0,76.0,2.0
37.0,45.0,4.0
37.0,51.0,3.0
37.0,54.0,1.0
37.0,59.0,3.0
37.0,60.0,3.0
37.0,63.0,38.0
37.0,64.0,1.0
37.0,73.0,3.0
37.0,77.0,1.0
38.0,6.0,3.0
38.0,9.0,1.0
38.0,28.0,1.0
38.0,29.0,1.0
38.0,45.0,1.0
38.0,50.0,1.0
38.0,54.0,1.0
38.0,55.0,2.0
38.0,56.0,10.0
38.0,57.0,3.0
38.0,60.0,5.0
38.0,62.0,1.0
38.0,63.0,7.0
38.0,77.0,1.0
39.0,30.0,1.0
39.0,46.0,1.0
39.0,47.0,1.0
39.0,48.0,2.0
39.0,49.0,2.0
39.0,50.0,5.0
39.0,51.0,3.0
39.0,52.0,3.0
39.0,53.0,4.0
39.0,54.0,6.0
39.0,57.0,4.0
39.0,59.0,1.0
39.0,60.0,3.0
39.0,61.0,1.0
39.0,63.0,6.0
39.0,64.0,3.0
39.0,75.0,1.0
40.0,13.0,2.0
40.0,31.0,1.0
40.0,46.0,4.0
40.0,47.0,2.0
40.0,50.0,9.0
40.0,51.0,3.0
40.0,52.0,2.0
40.0,53.0,1.0
40.0,54.0,1.0
40.0,59.0,1.0
40.0,60.0,2.0
40.0,62.0,1.0
40.0,64.0,6.0
40.0,74.0,1.0
41.0,31.0,1.0
41.0,47.0,2.0
41.0,49.0,3.0
41.0,50.0,4.0
41.0,51.0,1.0
41.0,52.0,1.0
41.0,53.0,1.0
41.0,55.0,1.0
41.0,57.0,2.0
41.0,59.0,1.0
41.0,60.0,3.0
41.0,62.0,1.0
41.0,64.0,2.0
41.0,67.0,2.0
41.0,71.0,1.0
41.0,73.0,1.0
42.0,12.0,1.0
42.0,18.0,1.0
42.0,47.0,1.0
42.0,48.0,1.0
42.0,50.0,5.0
42.0,52.0,2.0
42.0,53.0,2.0
42.0,55.0,2.0
42.0,60.0,17.0
42.0,62.0,3.0
42.0,63.0,2.0
42.0,64.0,5.0
42.0,67.0,1.0
42.0,72.0,1.0
42.0,76.0,1.0
43.0,12.0,1.0
43.0,18.0,1.0
43.0,20.0,1.0
43.0,32.0,1.0
43.0,45.0,2.0
43.0,46.0,2.0
43.0,48.0,2.0
43.0,53.0,5.0
43.0,55.0,1.0
43.0,56.0,1.0
43.0,57.0,5.0
43.0,58.0,1.0
43.0,59.0,6.0
43.0,60.0,23.0
43.0,61.0,5.0
43.0,62.0,5.0
43.0,63.0,2.0
43.0,64.0,5.0
43.0,65.0,2.0
43.0,66.0,2.0
43.0,67.0,1.0
43.0,73.0,4.0
43.0,75.0,1.0
43.0,76.0,3.0
44.0,13.0,1.0
44.0,16.0,2.0
44.0,19.0,2.0
44.0,20.0,1.0
44.0,32.0,2.0
44.0,50.0,6.0
44.0,51.0,3.0
44.0,52.0,1.0
44.0,53.0,6.0
44.0,54.0,7.0
44.0,55.0,3.0
44.0,56.0,5.0
44.0,57.0,1.0
44.0,60.0,4.0
44.0,61.0,2.0
44.0,63.0,12.0
44.0,64.0,9.0
44.0,65.0,3.0
44.0,76.0,3.0
45.0,7.0,1.0
45.0,13.0,1.0
45.0,20.0,1.0
45.0,52.0,2.0
45.0,53.0,1.0
45.0,55.0,2.0
45.0,56.0,1.0
45.0,57.0,1.0
45.0,61.0,2.0
45.0,62.0,1.0
45.0,63.0,1.0
45.0,64.0,5.0
45.0,67.0,2.0
45.0,68.0,2.0
45.0,73.0,2.0
45.0,74.0,3.0
45.0,75.0,1.0
45.0,77.0,1.0
45.0,78.0,3.0
46.0,8.0,2.0
46.0,18.0,2.0
46.0,19.0,2.0
46.0,20.0,4.0
46.0,36.0,4.0
46.0,51.0,1.0
46.0,52.0,1.0
46.0,54.0,1.0
46.0,56.0,1.0
46.0,58.0,1.0
46.0,60.0,5.0
46.0,61.0,3.0
46.0,63.0,5.0
46.0,64.0,3.0
46.0,65.0,7.0
46.0,68.0,3.0
46.0,72.0,1.0
46.0,74.0,13.0
46.0,75.0,18.0
46.0,76.0,2.0
46.0,77.0,3.0
47.0,7.0,1.0
47.0,8.0,1.0
47.0,19.0,1.0
47.0,20.0,2.0
47.0,51.0,1.0
47.0,52.0,1.0
47.0,53.0,4.0
47.0,55.0,1.0
47.0,58.0,4.0
47.0,61.0,4.0
47.0,62.0,1.0
47.0,63.0,4.0
47.0,65.0,6.0
47.0,66.0,1.0
47.0,67.0,1.0
47.0,69.0,4.0
47.0,70.0,4.0
47.0,72.0,1.0
47.0,73.0,1.0
47.0,74.0,5.0
47.0,75.0,9.0
47.0,76.0,1.0
47.0,77.0,2.0
48.0,7.0,3.0
48.0,9.0,1.0
48.0,11.0,1.0
48.0,13.0,1.0
48.0,19.0,2.0
48.0,20.0,1.0
48.0,33.0,1.0
48.0,42.0,1.0
48.0,43.0,1.0
48.0,44.0,1.0
48.0,53.0,4.0
48.0,54.0,3.0
48.0,56.0,2.0
48.0,59.0,1.0
48.0,60.0,1.0
48.0,61.0,16.0
48.0,62.0,4.0
48.0,63.0,18.0
48.0,64.0,7.0
48.0,65.0,9.0
48.0,66.0,2.0
48.0,68.0,2.0
48.0,69.0,1.0
48.0,70.0,1.0
48.0,71.0,2.0
48.0,74.0,4.0
48.0,75.0,4.0
48.0,76.0,3.0
48.0,77.0,1.0
49.0,10.0,1.0
49.0,11.0,2.0
49.0,19.0,1.0
49.0,29.0,4.0
49.0,31.0,1.0
49.0,41.0,1.0
49.0,42.0,2.0
49.0,43.0,2.0
49.0,44.0,1.0
49.0,50.0,1.0
49.0,52.0,9.0
49.0,53.0,5.0
49.0,54.0,3.0
49.0,55.0,1.0
49.0,56.0,2.0
49.0,57.0,3.0
49.0,58.0,3.0
49.0,59.0,3.0
49.0,61.0,3.0
49.0,62.0,3.0
49.0,63.0,1.0
49.0,64.0,4.0
49.0,65.0,4.0
49.0,72.0,1.0
49.0,74.0,3.0
49.0,75.0,4.0
49.0,77.0,1.0
49.0,78.0,1.0
50.0,10.0,1.0
50.0,11.0,1.0
50.0,12.0,1.0
50.0,13.0,3.0
50.0,16.0,1.0
50.0,32.0,1.0
50.0,33.0,2.0
50.0,34.0,1.0
50.0,35.0,1.0
50.0,37.0,1.0
50.0,39.0,1.0
50.0,40.0,1.0
50.0,41.0,5.0
50.0,42.0,3.0
50.0,43.0,5.0
50.0,44.0,3.0
50.0,47.0,3.0
50.0,49.0,1.0
50.0,50.0,1.0
50.0,51.0,1.0
50.0,52.0,7.0
50.0,53.0,2.0
50.0,54.0,1.0
50.0,56.0,1.0
50.0,57.0,1.0
50.0,58.0,1.0
50.0,59.0,1.0
50.0,62.0,2.0
50.0,63.0,1.0
50.0,64.0,3.0
50.0,65.0,9.0
50.0,66.0,1.0
50.0,67.0,2.0
50.0,69.0,4.0
50.0,72.0,4.0
50.0,73.0,3.0
50.0,74.0,8.0
50.0,75.0,8.0
50.0,76.0,1.0
50.0,77.0,1.0
51.0,9.0,1.0
51.0,13.0,2.0
51.0,14.0,1.0
51.0,16.0,1.0
51.0,19.0,1.0
51.0,26.0,2.0
51.0,28.0,1.0
51.0,29.0,1.0
51.0,31.0,1.0
51.0,33.0,1.0
51.0,35.0,2.0
51.0,36.0,2.0
51.0,37.0,8.0
51.0,38.0,1.0
51.0,39.0,2.0
51.0,40.0,1.0
51.0,41.0,1.0
51.0,42.0,8.0
51.0,43.0,15.0
51.0,44.0,5.0
51.0,45.0,3.0
51.0,46.0,1.0
51.0,47.0,3.0
51.0,48.0,3.0
51.0,49.0,6.0
51.0,50.0,3.0
51.0,51.0,4.0
51.0,52.0,1.0
51.0,53.0,10.0
51.0,56.0,1.0
51.0,58.0,2.0
51.0,61.0,4.0
51.0,62.0,3.0
51.0,63.0,2.0
51.0,64.0,3.0
51.0,65.0,10.0
51.0,66.0,1.0
51.0,67.0,8.0
51.0,68.0,1.0
51.0,69.0,3.0
51.0,70.0,11.0
51.0,71.0,3.0
51.0,72.0,7.0
51.0,74.0,8.0
51.0,75.0,2.0
51.0,77.0,1.0
52.0,9.0,3.0
52.0,15.0,1.0
52.0,16.0,1.0
52.0,18.0,2.0
52.0,20.0,1.0
52.0,21.0,1.0
52.0,33.0,1.0
52.0,35.0,4.0
52.0,36.0,1.0
52.0,40.0,1.0
52.0,41.0,2.0
52.0,43.0,7.0
52.0,44.0,7.0
52.0,45.0,3.0
52.0,46.0,8.0
52.0,50.0,3.0
52.0,52.0,3.0
52.0,53.0,2.0
52.0,54.0,1.0
52.0,56.0,1.0
52.0,57.0,1.0
52.0,58.0,1.0
52.0,59.0,8.0
52.0,60.0,2.0
52.0,61.0,11.0
52.0,62.0,18.0
52.0,63.0,7.0
52.0,64.0,9.0
52.0,65.0,5.0
52.0,66.0,14.0
52.0,67.0,4.0
52.0,69.0,1.0
52.0,70.0,9.0
52.0,72.0,7.0
52.0,73.0,1.0
52.0,74.0,2.0
52.0,75.0,6.0
52.0,76.0,1.0
52.0,77.0,3.0
53.0,11.0,1.0
53.0,16.0,2.0
53.0,21.0,1.0
53.0,29.0,2.0
53.0,30.0,1.0
53.0,32.0,1.0
53.0,33.0,1.0
53.0,35.0,4.0
53.0,38.0,1.0
53.0,40.0,6.0
53.0,41.0,2.0
53.0,43.0,1.0
53.0,46.0,2.0
53.0,47.0,4.0
53.0,48.0,1.0
53.0,50.0,1.0
53.0,51.0,4.0
53.0,52.0,1.0
53.0,53.0,4.0
53.0,54.0,5.0
53.0,55.0,3.0
53.0,56.0,2.0
53.0,57.0,6.0
53.0,58.0,11.0
53.0,59.0,3.0
53.0,60.0,7.0
53.0,61.0,1.0
53.0,62.0,4.0
53.0,63.0,7.0
53.0,64.0,9.0
53.0,65.0,6.0
53.0,66.0,11.0
53.0,67.0,24.0
53.0,68.0,2.0
53.0,69.0,6.0
53.0,70.0,1.0
53.0,72.0,7.0
53.0,75.0,5.0
53.0,76.0,3.0
54.0,20.0,3.0
54.0,24.0,1.0
54.0,34.0,1.0
54.0,35.0,1.0
54.0,36.0,1.0
54.0,37.0,1.0
54.0,40.0,1.0
54.0,45.0,1.0
54.0,46.0,3.0
54.0,51.0,1.0
54.0,52.0,6.0
54.0,53.0,2.0
54.0,54.0,6.0
54.0,55.0,2.0
54.0,56.0,3.0
54.0,57.0,1.0
54.0,58.0,2.0
54.0,59.0,3.0
54.0,60.0,7.0
54.0,61.0,1.0
54.0,62.0,2.0
54.0,63.0,6.0
54.0,64.0,13.0
54.0,65.0,3.0
54.0,66.0,6.0
54.0,67.0,8.0
54.0,68.0,3.0
54.0,70.0,1.0
54.0,71.0,4.0
54.0,72.0,2.0
54.0,73.0,7.0
54.0,75.0,8.0
54.0,76.0,1.0
54.0,77.0,6.0
55.0,10.0,1.0
55.0,19.0,2.0
55.0,32.0,1.0
55.0,35.0,2.0
55.0,36.0,2.0
55.0,40.0,1.0
55.0,42.0,2.0
55.0,43.0,1.0
55.0,45.0,1.0
55.0,46.0,2.0
55.0,48.0,1.0
55.0,49.0,6.0
55.0,50.0,1.0
55.0,51.0,1.0
55.0,52.0,3.0
55.0,54.0,4.0
55.0,55.0,3.0
55.0,58.0,1.0
55.0,59.0,1.0
55.0,60.0,2.0
55.0,62.0,1.0
55.0,63.0,8.0
55.0,64.0,4.0
55.0,65.0,5.0
55.0,66.0,7.0
55.0,67.0,3.0
55.0,70.0,5.0
55.0,71.0,1.0
55.0,72.0,2.0
55.0,73.0,4.0
55.0,75.0,4.0
55.0,77.0,1.0
56.0,19.0,2.0
56.0,21.0,1.0
56.0,23.0,1.0
56.0,29.0,2.0
56.0,31.0,6.0
56.0,32.0,1.0
56.0,34.0,2.0
56.0,36.0,2.0
56.0,43.0,1.0
56.0,46.0,3.0
56.0,47.0,1.0
56.0,48.0,2.0
56.0,49.0,1.0
56.0,50.0,3.0
56.0,52.0,3.0
56.0,54.0,4.0
56.0,55.0,2.0
56.0,61.0,1.0
56.0,62.0,3.0
56.0,63.0,2.0
56.0,64.0,1.0
56.0,65.0,3.0
56.0,66.0,10.0
56.0,67.0,32.0
56.0,69.0,1.0
56.0,70.0,1.0
56.0,71.0,6.0
56.0,72.0,1.0
56.0,73.0,11.0
56.0,74.0,1.0
56.0,75.0,5.0
56.0,76.0,6.0
56.0,77.0,1.0
57.0,19.0,1.0
57.0,20.0,1.0
57.0,29.0,4.0
57.0,31.0,2.0
57.0,32.0,2.0
57.0,33.0,2.0
57.0,37.0,1.0
57.0,38.0,1.0
57.0,40.0,1.0
57.0,41.0,1.0
57.0,44.0,3.0
57.0,46.0,1.0
57.0,50.0,5.0
57.0,51.0,6.0
57.0,53.0,1.0
57.0,54.0,4.0
57.0,55.0,4.0
57.0,57.0,1.0
57.0,59.0,1.0
57.0,60.0,2.0
57.0,63.0,12.0
57.0,64.0,7.0
57.0,65.0,7.0
57.0,66.0,16.0
57.0,67.0,3.0
57.0,68.0,2.0
57.0,69.0,8.0
57.0,70.0,7.0
57.0,71.0,8.0
57.0,72.0,6.0
57.0,73.0,7.0
57.0,74.0,3.0
57.0,75.0,15.0
57.0,77.0,1.0
57.0,78.0,3.0
58.0,19.0,1.0
58.0,22.0,1.0
58.0,23.0,1.0
58.0,24.0,1.0
58.0,26.0,2.0
58.0,29.0,8.0
58.0,33.0,1.0
58.0,35.0,1.0
58.0,36.0,1.0
58.0,38.0,1.0
58.0,40.0,4.0
58.0,41.0,1.0
58.0,42.0,3.0
58.0,43.0,1.0
58.0,45.0,2.0
58.0,46.0,1.0
58.0,47.0,4.0
58.0,49.0,7.0
58.0,50.0,5.0
58.0,51.0,4.0
58.0,52.0,5.0
58.0,53.0,3.0
58.0,54.0,8.0
58.0,55.0,2.0
58.0,56.0,2.0
58.0,57.0,2.0
58.0,58.0,5.0
58.0,59.0,7.0
58.0,60.0,5.0
58.0,61.0,6.0
58.0,62.0,2.0
58.0,63.0,11.0
58.0,64.0,10.0
58.0,65.0,10.0
58.0,66.0,11.0
58.0,67.0,10.0
58.0,68.0,13.0
58.0,69.0,2.0
58.0,70.0,4.0
58.0,71.0,9.0
58.0,72.0,6.0
58.0,73.0,15.0
58.0,74.0,3.0
58.0,76.0,1.0
58.0,77.0,8.0
58.0,78.0,5.0
58.0,79.0,2.0
59.0,9.0,1.0
59.0,27.0,1.0
59.0,28.0,1.0
59.0,31.0,1.0
59.0,33.0,1.0
59.0,35.0,7.0
59.0,37.0,1.0
59.0,38.0,1.0
59.0,44.0,2.0
59.0,45.0,1.0
59.0,46.0,3.0
59.0,48.0,2.0
59.0,49.0,2.0
59.0,50.0,2.0
59.0,51.0,5.0
59.0,52.0,5.0
59.0,53.0,8.0
59.0,54.0,7.0
59.0,55.0,5.0
59.0,56.0,7.0
59.0,57.0,7.0
59.0,58.0,8.0
59.0,59.0,7.0
59.0,60.0,4.0
59.0,61.0,9.0
59.0,62.0,9.0
59.0,63.0,10.0
59.0,64.0,17.0
59.0,65.0,20.0
59.0,66.0,46.0
59.0,67.0,27.0
59.0,68.0,5.0
59.0,69.0,8.0
59.0,70.0,5.0
59.0,71.0,11.0
59.0,72.0,8.0
59.0,73.0,11.0
59.0,74.0,3.0
59.0,76.0,1.0
59.0,78.0,5.0
59.0,80.0,3.0
60.0,29.0,1.0
60.0,30.0,1.0
60.0,32.0,1.0
60.0,33.0,2.0
60.0,35.0,2.0
60.0,36.0,1.0
60.0,37.0,3.0
60.0,38.0,1.0
60.0,39.0,1.0
60.0,40.0,2.0
60.0,41.0,1.0
60.0,42.0,3.0
60.0,44.0,1.0
60.0,46.0,6.0
60.0,47.0,1.0
60.0,49.0,5.0
60.0,50.0,3.0
60.0,52.0,1.0
60.0,53.0,6.0
60.0,54.0,6.0
60.0,55.0,8.0
60.0,56.0,8.0
60.0,57.0,6.0
60.0,58.0,3.0
60.0,59.0,4.0
60.0,60.0,3.0
60.0,61.0,5.0
60.0,62.0,7.0
60.0,63.0,13.0
60.0,64.0,19.0
60.0,65.0,14.0
60.0,66.0,28.0
60.0,67.0,15.0
60.0,68.0,8.0
60.0,69.0,7.0
60.0,70.0,3.0
60.0,71.0,5.0
60.0,72.0,4.0
60.0,73.0,1.0
60.0,75.0,4.0
60.0,78.0,1.0
60.0,79.0,5.0
60.0,80.0,5.0
60.0,81.0,2.0
61.0,19.0,1.0
61.0,20.0,1.0
61.0,31.0,1.0
61.0,33.0,5.0
61.0,35.0,20.0
61.0,36.0,2.0
61.0,37.0,7.0
61.0,38.0,7.0
61.0,39.0,4.0
61.0,40.0,6.0
61.0,41.0,6.0
61.0,42.0,4.0
61.0,43.0,2.0
61.0,44.0,5.0
61.0,45.0,4.0
61.0,46.0,17.0
61.0,47.0,1.0
61.0,48.0,2.0
61.0,50.0,3.0
61.0,51.0,5.0
61.0,52.0,4.0
61.0,53.0,12.0
61.0,54.0,9.0
61.0,55.0,5.0
61.0,56.0,5.0
61.0,57.0,4.0
61.0,58.0,2.0
61.0,59.0,13.0
61.0,60.0,5.0
61.0,61.0,4.0
61.0,62.0,10.0
61.0,63.0,18.0
61.0,64.0,4.0
61.0,65.0,10.0
61.0,66.0,11.0
61.0,67.0,11.0
61.0,68.0,3.0
61.0,69.0,3.0
61.0,70.0,2.0
61.0,71.0,7.0
61.0,74.0,3.0
61.0,76.0,1.0
61.0,78.0,1.0
61.0,79.0,4.0
61.0,80.0,2.0
61.0,81.0,8.0
62.0,33.0,4.0
62.0,34.0,4.0
62.0,35.0,6.0
62.0,37.0,2.0
62.0,39.0,2.0
62.0,40.0,2.0
62.0,41.0,1.0
62.0,42.0,2.0
62.0,43.0,1.0
62.0,44.0,2.0
62.0,45.0,24.0
62.0,46.0,3.0
62.0,47.0,2.0
62.0,48.0,2.0
62.0,49.0,2.0
62.0,50.0,5.0
62.0,54.0,4.0
62.0,55.0,5.0
62.0,56.0,7.0
62.0,57.0,3.0
62.0,59.0,9.0
62.0,60.0,2.0
62.0,61.0,1.0
62.0,62.0,16.0
62.0,63.0,18.0
62.0,64.0,17.0
62.0,65.0,6.0
62.0,66.0,16.0
62.0,67.0,21.0
62.0,68.0,2.0
62.0,69.0,3.0
62.0,70.0,2.0
62.0,71.0,2.0
62.0,72.0,5.0
62.0,73.0,11.0
62.0,74.0,5.0
62.0,75.0,2.0
62.0,76.0,1.0
62.0,77.0,1.0
62.0,78.0,6.0
62.0,79.0,23.0
62.0,80.0,1.0
62.0,81.0,3.0
63.0,20.0,1.0
63.0,33.0,14.0
63.0,34.0,1.0
63.0,35.0,2.0
63.0,36.0,5.0
63.0,39.0,7.0
63.0,40.0,5.0
63.0,41.0,2.0
63.0,44.0,1.0
63.0,45.0,1.0
63.0,47.0,1.0
63.0,48.0,1.0
63.0,49.0,2.0
63.0,50.0,4.0
63.0,54.0,1.0
63.0,55.0,6.0
63.0,56.0,4.0
63.0,57.0,20.0
63.0,59.0,4.0
63.0,60.0,7.0
63.0,61.0,4.0
63.0,62.0,12.0
63.0,63.0,14.0
63.0,64.0,11.0
63.0,65.0,4.0
63.0,66.0,21.0
63.0,67.0,12.0
63.0,68.0,2.0
63.0,69.0,7.0
63.0,70.0,1.0
63.0,71.0,3.0
63.0,72.0,1.0
63.0,73.0,4.0
63.0,74.0,3.0
63.0,78.0,6.0
63.0,79.0,10.0
63.0,80.0,10.0
63.0,81.0,3.0
63.0,82.0,1.0
64.0,9.0,1.0
64.0,33.0,1.0
64.0,36.0,4.0
64.0,37.0,1.0
64.0,38.0,2.0
64.0,40.0,1.0
64.0,42.0,2.0
64.0,43.0,3.0
64.0,44.0,1.0
64.0,45.0,2.0
64.0,46.0,1.0
64.0,50.0,1.0
64.0,51.0,2.0
64.0,52.0,2.0
64.0,54.0,2.0
64.0,55.0,6.0
64.0,56.0,1.0
64.0,57.0,5.0
64.0,58.0,8.0
64.0,59.0,1.0
64.0,61.0,5.0
64.0,62.0,5.0
64.0,63.0,9.0
64.0,64.0,19.0
64.0,65.0,12.0
64.0,66.0,9.0
64.0,67.0,7.0
64.0,68.0,8.0
64.0,69.0,5.0
64.0,70.0,2.0
64.0,71.0,1.0
64.0,72.0,3.0
64.0,74.0,6.0
64.0,76.0,1.0
64.0,77.0,5.0
64.0,79.0,4.0
64.0,80.0,4.0
64.0,81.0,7.0
64.0,82.0,1.0
65.0,19.0,2.0
65.0,20.0,3.0
65.0,21.0,1.0
65.0,33.0,8.0
65.0,35.0,1.0
65.0,39.0,1.0
65.0,40.0,1.0
65.0,44.0,1.0
65.0,46.0,1.0
65.0,47.0,2.0
65.0,49.0,3.0
65.0,50.0,4.0
65.0,51.0,2.0
65.0,53.0,5.0
65.0,54.0,4.0
65.0,55.0,1.0
65.0,56.0,6.0
65.0,57.0,1.0
65.0,58.0,6.0
65.0,59.0,9.0
65.0,60.0,1.0
65.0,62.0,5.0
65.0,63.0,3.0
65.0,64.0,8.0
65.0,65.0,29.0
65.0,66.0,11.0
65.0,67.0,5.0
65.0,68.0,17.0
65.0,69.0,9.0
65.0,70.0,3.0
65.0,71.0,4.0
65.0,72.0,2.0
65.0,73.0,2.0
65.0,74.0,4.0
65.0,75.0,2.0
65.0,76.0,6.0
65.0,77.0,4.0
65.0,78.0,30.0
65.0,79.0,6.0
65.0,80.0,10.0
65.0,81.0,13.0
65.0,82.0,9.0
66.0,21.0,2.0
66.0,33.0,2.0
66.0,34.0,1.0
66.0,36.0,2.0
66.0,39.0,2.0
66.0,40.0,1.0
66.0,45.0,4.0
66.0,47.0,3.0
66.0,48.0,5.0
66.0,50.0,2.0
66.0,51.0,6.0
66.0,52.0,3.0
66.0,53.0,4.0
66.0,55.0,7.0
66.0,57.0,1.0
66.0,58.0,5.0
66.0,59.0,2.0
66.0,60.0,7.0
66.0,61.0,1.0
66.0,62.0,11.0
66.0,63.0,20.0
66.0,64.0,21.0
66.0,65.0,27.0
66.0,66.0,8.0
66.0,67.0,2.0
66.0,68.0,65.0
66.0,69.0,3.0
66.0,71.0,2.0
66.0,72.0,5.0
66.0,74.0,2.0
66.0,75.0,7.0
66.0,76.0,4.0
66.0,77.0,2.0
66.0,78.0,9.0
66.0,79.0,7.0
66.0,80.0,3.0
66.0,81.0,5.0
67.0,20.0,1.0
67.0,33.0,6.0
67.0,35.0,1.0
67.0,36.0,2.0
67.0,37.0,4.0
67.0,38.0,2.0
67.0,39.0,6.0
67.0,40.0,3.0
67.0,45.0,2.0
67.0,46.0,1.0
67.0,47.0,1.0
67.0,50.0,3.0
67.0,51.0,4.0
67.0,52.0,2.0
67.0,53.0,1.0
67.0,54.0,4.0
67.0,55.0,2.0
67.0,56.0,3.0
67.0,57.0,2.0
67.0,58.0,2.0
67.0,59.0,4.0
67.0,60.0,7.0
67.0,61.0,7.0
67.0,62.0,15.0
67.0,63.0,49.0
67.0,64.0,27.0
67.0,65.0,24.0
67.0,66.0,10.0
67.0,67.0,8.0
67.0,68.0,30.0
67.0,69.0,3.0
67.0,70.0,9.0
67.0,71.0,3.0
67.0,72.0,7.0
67.0,73.0,4.0
67.0,74.0,15.0
67.0,75.0,14.0
67.0,76.0,1.0
67.0,77.0,3.0
67.0,78.0,3.0
67.0,79.0,5.0
67.0,80.0,12.0
67.0,81.0,22.0
68.0,19.0,1.0
68.0,23.0,1.0
68.0,25.0,1.0
68.0,26.0,1.0
68.0,27.0,2.0
68.0,33.0,4.0
68.0,35.0,2.0
68.0,37.0,4.0
68.0,39.0,1.0
68.0,46.0,2.0
68.0,47.0,2.0
68.0,48.0,1.0
68.0,50.0,5.0
68.0,51.0,5.0
68.0,52.0,1.0
68.0,53.0,2.0
68.0,54.0,2.0
68.0,55.0,1.0
68.0,56.0,8.0
68.0,59.0,9.0
68.0,60.0,4.0
68.0,61.0,21.0
68.0,62.0,50.0
68.0,63.0,19.0
68.0,64.0,40.0
68.0,65.0,73.0
68.0,66.0,17.0
68.0,67.0,17.0
68.0,68.0,52.0
68.0,69.0,8.0
68.0,70.0,4.0
68.0,72.0,4.0
68.0,73.0,16.0
68.0,74.0,13.0
68.0,75.0,11.0
68.0,76.0,5.0
68.0,77.0,11.0
68.0,78.0,1.0
68.0,80.0,7.0
68.0,81.0,6.0
69.0,10.0,1.0
69.0,21.0,2.0
69.0,22.0,5.0
69.0,23.0,3.0
69.0,24.0,2.0
69.0,26.0,1.0
69.0,28.0,1.0
69.0,29.0,3.0
69.0,33.0,3.0
69.0,36.0,11.0
69.0,37.0,10.0
69.0,38.0,1.0
69.0,41.0,1.0
69.0,42.0,2.0
69.0,43.0,1.0
69.0,44.0,6.0
69.0,46.0,1.0
69.0,47.0,2.0
69.0,49.0,9.0
69.0,50.0,2.0
69.0,51.0,4.0
69.0,52.0,12.0
69.0,53.0,8.0
69.0,54.0,3.0
69.0,55.0,6.0
69.0,56.0,1.0
69.0,57.0,3.0
69.0,58.0,9.0
69.0,59.0,1.0
69.0,60.0,7.0
69.0,61.0,30.0
69.0,62.0,13.0
69.0,63.0,25.0
69.0,64.0,14.0
69.0,65.0,21.0
69.0,66.0,66.0
69.0,67.0,14.0
69.0,68.0,51.0
69.0,69.0,1.0
69.0,71.0,1.0
69.0,72.0,9.0
69.0,73.0,20.0
69.0,74.0,2.0
69.0,75.0,1.0
69.0,76.0,2.0
69.0,80.0,12.0
70.0,19.0,3.0
70.0,20.0,7.0
70.0,21.0,5.0
70.0,22.0,4.0
70.0,23.0,4.0
70.0,24.0,1.0
70.0,29.0,1.0
70.0,30.0,5.0
70.0,31.0,2.0
70.0,32.0,1.0
70.0,34.0,1.0
70.0,37.0,14.0
70.0,41.0,1.0
70.0,44.0,2.0
70.0,45.0,4.0
70.0,46.0,3.0
70.0,47.0,4.0
70.0,50.0,4.0
70.0,51.0,5.0
70.0,52.0,7.0
70.0,54.0,5.0
70.0,55.0,3.0
70.0,56.0,3.0
70.0,57.0,7.0
70.0,59.0,3.0
70.0,60.0,23.0
70.0,61.0,4.0
70.0,62.0,16.0
70.0,63.0,46.0
70.0,64.0,31.0
70.0,65.0,22.0
70.0,66.0,23.0
70.0,67.0,20.0
70.0,68.0,31.0
70.0,69.0,24.0
70.0,70.0,11.0
70.0,71.0,9.0
70.0,72.0,21.0
70.0,73.0,6.0
70.0,74.0,3.0
70.0,75.0,4.0
70.0,78.0,13.0
70.0,79.0,15.0
70.0,80.0,14.0
71.0,17.0,9.0
71.0,18.0,8.0
71.0,19.0,9.0
71.0,23.0,10.0
71.0,24.0,4.0
71.0,32.0,1.0
71.0,33.0,4.0
71.0,34.0,8.0
71.0,35.0,2.0
71.0,37.0,1.0
71.0,38.0,3.0
71.0,39.0,2.0
71.0,40.0,6.0
71.0,45.0,1.0
71.0,46.0,1.0
71.0,47.0,3.0
71.0,48.0,2.0
71.0,49.0,3.0
71.0,50.0,5.0
71.0,51.0,3.0
71.0,52.0,2.0
71.0,53.0,5.0
71.0,54.0,2.0
71.0,55.0,25.0
71.0,56.0,6.0
71.0,57.0,3.0
71.0,58.0,5.0
71.0,59.0,4.0
71.0,60.0,5.0
71.0,61.0,15.0
71.0,62.0,5.0
71.0,63.0,18.0
71.0,64.0,58.0
71.0,65.0,47.0
71.0,66.0,32.0
71.0,67.0,28.0
71.0,68.0,108.0
71.0,69.0,52.0
71.0,70.0,8.0
71.0,71.0,18.0
71.0,72.0,14.0
71.0,73.0,6.0
71.0,74.0,15.0
71.0,75.0,1.0
71.0,76.0,3.0
71.0,77.0,2.0
71.0,78.0,17.0
71.0,79.0,2.0
72.0,11.0,1.0
72.0,13.0,6.0
72.0,14.0,5.0
72.0,15.0,4.0
72.0,16.0,2.0
72.0,24.0,4.0
72.0,25.0,2.0
72.0,34.0,4.0
72.0,43.0,1.0
72.0,46.0,1.0
72.0,47.0,6.0
72.0,48.0,1.0
72.0,50.0,1.0
72.0,51.0,1.0
72.0,52.0,15.0
72.0,54.0,3.0
72.0,55.0,5.0
72.0,56.0,1.0
72.0,57.0,3.0
72.0,58.0,8.0
72.0,60.0,13.0
72.0,61.0,19.0
72.0,62.0,16.0
72.0,63.0,39.0
72.0,64.0,58.0
72.0,65.0,29.0
72.0,66.0,50.0
72.0,67.0,14.0
72.0,68.0,31.0
72.0,69.0,34.0
72.0,70.0,24.0
72.0,71.0,8.0
72.0,72.0,7.0
72.0,73.0,13.0
72.0,74.0,16.0
72.0,75.0,7.0
72.0,76.0,10.0
72.0,77.0,6.0
72.0,78.0,10.0
73.0,9.0,2.0
73.0,10.0,6.0
73.0,11.0,4.0
73.0,12.0,3.0
73.0,13.0,5.0
73.0,25.0,1.0
73.0,26.0,3.0
73.0,34.0,2.0
73.0,47.0,1.0
73.0,50.0,1.0
73.0,51.0,1.0
73.0,52.0,1.0
73.0,53.0,3.0
73.0,54.0,3.0
73.0,56.0,3.0
73.0,57.0,3.0
73.0,58.0,1.0
73.0,59.0,3.0
73.0,60.0,1.0
73.0,61.0,2.0
73.0,62.0,75.0
73.0,63.0,31.0
73.0,64.0,15.0
73.0,65.0,22.0
73.0,66.0,12.0
73.0,67.0,26.0
73.0,68.0,27.0
73.0,69.0,14.0
73.0,70.0,64.0
73.0,71.0,26.0
73.0,72.0,12.0
73.0,73.0,14.0
73.0,74.0,3.0
73.0,75.0,1.0
73.0,76.0,4.0
73.0,77.0,2.0
74.0,6.0,3.0
74.0,7.0,3.0
74.0,8.0,3.0
74.0,9.0,1.0
74.0,26.0,1.0
74.0,27.0,2.0
74.0,34.0,1.0
74.0,46.0,2.0
74.0,51.0,2.0
74.0,52.0,9.0
74.0,53.0,5.0
74.0,54.0,4.0
74.0,55.0,3.0
74.0,56.0,18.0
74.0,57.0,2.0
74.0,58.0,7.0
74.0,59.0,8.0
74.0,61.0,14.0
74.0,62.0,10.0
74.0,63.0,12.0
74.0,64.0,22.0
74.0,65.0,12.0
74.0,66.0,15.0
74.0,67.0,16.0
74.0,68.0,26.0
74.0,69.0,38.0
74.0,70.0,20.0
74.0,71.0,6.0
74.0,72.0,4.0
74.0,73.0,1.0
74.0,74.0,2.0
74.0,75.0,4.0
75.0,6.0,1.0
75.0,8.0,1.0
75.0,28.0,5.0
75.0,29.0,5.0
75.0,34.0,5.0
75.0,42.0,9.0
75.0,44.0,1.0
75.0,45.0,3.0
75.0,46.0,2.0
75.0,47.0,2.0
75.0,48.0,1.0
75.0,49.0,8.0
75.0,50.0,5.0
75.0,51.0,2.0
75.0,52.0,2.0
75.0,53.0,7.0
75.0,54.0,6.0
75.0,55.0,8.0
75.0,56.0,1.0
75.0,57.0,5.0
75.0,58.0,9.0
75.0,59.0,1.0
75.0,60.0,10.0
75.0,61.0,4.0
75.0,62.0,4.0
75.0,63.0,54.0
75.0,64.0,3.0
75.0,65.0,7.0
75.0,66.0,13.0
75.0,67.0,30.0
75.0,68.0,24.0
75.0,69.0,109.0
75.0,70.0,55.0
75.0,71.0,6.0
75.0,72.0,8.0
75.0,73.0,5.0
75.0,74.0,6.0
76.0,1.0,1.0
76.0,2.0,3.0
76.0,3.0,1.0
76.0,4.0,1.0
76.0,11.0,1.0
76.0,30.0,4.0
76.0,31.0,1.0
76.0,34.0,12.0
76.0,35.0,94.0
76.0,36.0,7.0
76.0,43.0,1.0
76.0,44.0,10.0
76.0,46.0,2.0
76.0,47.0,2.0
76.0,48.0,8.0
76.0,54.0,4.0
76.0,55.0,9.0
76.0,56.0,69.0
76.0,57.0,3.0
76.0,58.0,6.0
76.0,59.0,9.0
76.0,60.0,3.0
76.0,61.0,1.0
76.0,62.0,12.0
76.0,63.0,4.0
76.0,64.0,2.0
76.0,65.0,2.0
76.0,66.0,15.0
76.0,67.0,12.0
76.0,68.0,21.0
76.0,69.0,16.0
76.0,70.0,16.0
76.0,71.0,4.0
76.0,72.0,5.0
77.0,15.0,1.0
77.0,31.0,15.0
77.0,32.0,8.0
77.0,34.0,5.0
77.0,35.0,116.0
77.0,36.0,104.0
77.0,37.0,1.0
77.0,41.0,1.0
77.0,42.0,1.0
77.0,44.0,2.0
77.0,45.0,1.0
77.0,46.0,5.0
77.0,47.0,3.0
77.0,48.0,3.0
77.0,49.0,2.0
77.0,55.0,14.0
77.0,56.0,15.0
77.0,57.0,5.0
77.0,58.0,10.0
77.0,59.0,4.0
77.0,61.0,14.0
77.0,62.0,4.0
77.0,63.0,5.0
77.0,64.0,2.0
77.0,65.0,5.0
77.0,66.0,5.0
77.0,67.0,17.0
77.0,68.0,7.0
77.0,69.0,18.0
77.0,70.0,9.0
77.0,71.0,9.0
78.0,18.0,1.0
78.0,31.0,1.0
78.0,32.0,1.0
78.0,33.0,1.0
78.0,34.0,9.0
78.0,35.0,4.0
78.0,36.0,5.0
78.0,37.0,6.0
78.0,38.0,4.0
78.0,39.0,8.0
78.0,40.0,3.0
78.0,41.0,4.0
78.0,42.0,15.0
78.0,43.0,10.0
78.0,44.0,3.0
78.0,45.0,3.0
78.0,54.0,1.0
78.0,55.0,2.0
78.0,56.0,10.0
78.0,57.0,26.0
78.0,58.0,16.0
78.0,60.0,9.0
78.0,61.0,12.0
78.0,62.0,1.0
78.0,63.0,3.0
78.0,64.0,2.0
78.0,65.0,1.0
78.0,66.0,6.0
78.0,67.0,5.0
78.0,68.0,25.0
78.0,69.0,14.0
78.0,70.0,8.0
78.0,72.0,1.0
79.0,21.0,1.0
79.0,23.0,1.0
79.0,34.0,2.0
79.0,35.0,1.0
79.0,36.0,2.0
79.0,37.0,1.0
79.0,38.0,1.0
79.0,45.0,1.0
79.0,46.0,1.0
79.0,54.0,1.0
79.0,56.0,6.0
79.0,57.0,9.0
79.0,58.0,12.0
79.0,59.0,13.0
79.0,60.0,2.0
79.0,63.0,1.0
79.0,64.0,9.0
79.0,65.0,3.0
79.0,66.0,11.0
79.0,67.0,6.0
79.0,68.0,8.0
79.0,69.0,3.0
79.0,74.0,2.0
80.0,22.0,1.0
80.0,25.0,1.0
80.0,26.0,1.0
80.0,27.0,2.0
80.0,39.0,3.0
80.0,41.0,1.0
80.0,43.0,4.0
80.0,44.0,1.0
80.0,45.0,2.0
80.0,47.0,2.0
80.0,48.0,1.0
80.0,49.0,1.0
80.0,50.0,1.0
80.0,51.0,2.0
80.0,52.0,1.0
80.0,55.0,2.0
80.0,58.0,8.0
80.0,59.0,4.0
80.0,60.0,4.0
80.0,61.0,4.0
80.0,63.0,1.0
80.0,64.0,3.0
80.0,65.0,10.0
80.0,66.0,3.0
80.0,67.0,4.0
81.0,28.0,3.0
81.0,33.0,1.0
81.0,34.0,3.0
81.0,35.0,1.0
81.0,37.0,1.0
81.0,38.0,2.0
81.0,39.0,9.0
81.0,40.0,6.0
81.0,41.0,3.0
81.0,42.0,1.0
81.0,54.0,1.0
81.0,60.0,2.0
81.0,61.0,2.0
81.0,62.0,4.0
81.0,63.0,5.0
81.0,64.0,9.0
81.0,66.0,5.0
82.0,21.0,1.0
82.0,41.0,2.0
83.0,22.0,1.0
83.0,25.0,1.0
85.0,70.0,1.0
87.0,74.0,1.0
88.0,75.0,1.0
89.0,75.0,1.0
92.0,79.0,1.0
93.0,79.0,1.0
94.0,82.0,1.0
