x,y,count
13.0,25.0,1.0
13.0,31.0,1.0
14.0,18.0,1.0
20.0,29.0,1.0
20.0,30.0,27.0
20.0,46.0,1.0
22.0,99.0,1.0
23.0,29.0,1.0
23.0,45.0,1.0
23.0,59.0,1.0
23.0,62.0,3.0
23.0,93.0,1.0
24.0,42.0,2.0
24.0,45.0,1.0
24.0,47.0,1.0
24.0,59.0,1.0
24.0,83.0,1.0
25.0,24.0,1.0
25.0,29.0,1.0
25.0,32.0,1.0
25.0,36.0,1.0
25.0,38.0,1.0
25.0,59.0,1.0
26.0,18.0,1.0
26.0,42.0,1.0
27.0,13.0,1.0
27.0,53.0,3.0
27.0,54.0,1.0
27.0,59.0,4.0
28.0,20.0,1.0
28.0,22.0,1.0
28.0,47.0,1.0
28.0,53.0,1.0
29.0,23.0,1.0
29.0,47.0,2.0
29.0,53.0,1.0
29.0,59.0,1.0
30.0,46.0,1.0
30.0,59.0,2.0
30.0,77.0,1.0
31.0,40.0,3.0
31.0,41.0,1.0
31.0,42.0,1.0
31.0,43.0,1.0
31.0,44.0,1.0
31.0,46.0,2.0
31.0,47.0,2.0
31.0,59.0,2.0
31.0,60.0,1.0
32.0,47.0,2.0
32.0,55.0,1.0
32.0,59.0,2.0
32.0,61.0,4.0
33.0,29.0,1.0
33.0,47.0,1.0
33.0,53.0,1.0
33.0,59.0,2.0
33.0,61.0,2.0
34.0,26.0,1.0
34.0,44.0,1.0
34.0,45.0,1.0
34.0,47.0,2.0
34.0,53.0,1.0
34.0,56.0,1.0
34.0,59.0,2.0
35.0,32.0,1.0
35.0,44.0,1.0
35.0,45.0,4.0
35.0,46.0,1.0
35.0,47.0,5.0
35.0,59.0,1.0
36.0,32.0,1.0
36.0,45.0,3.0
36.0,48.0,3.0
36.0,54.0,1.0
36.0,55.0,1.0
36.0,59.0,5.0
37.0,45.0,3.0
37.0,47.0,1.0
37.0,59.0,3.0
38.0,29.0,1.0
38.0,47.0,1.0
38.0,49.0,1.0
38.0,51.0,3.0
38.0,54.0,5.0
38.0,56.0,2.0
38.0,57.0,1.0
38.0,60.0,1.0
39.0,18.0,2.0
39.0,49.0,2.0
39.0,50.0,2.0
39.0,51.0,10.0
39.0,52.0,6.0
39.0,60.0,1.0
39.0,78.0,1.0
40.0,4.0,1.0
40.0,18.0,1.0
40.0,19.0,1.0
40.0,46.0,3.0
40.0,47.0,1.0
40.0,50.0,4.0
40.0,52.0,1.0
40.0,57.0,2.0
40.0,59.0,1.0
40.0,60.0,3.0
41.0,46.0,1.0
41.0,48.0,1.0
41.0,50.0,2.0
41.0,52.0,2.0
41.0,57.0,1.0
41.0,60.0,2.0
42.0,9.0,1.0
42.0,19.0,1.0
42.0,44.0,1.0
42.0,49.0,2.0
42.0,50.0,5.0
42.0,52.0,2.0
42.0,60.0,3.0
43.0,14.0,2.0
43.0,19.0,1.0
43.0,50.0,7.0
43.0,57.0,4.0
43.0,60.0,2.0
43.0,63.0,2.0
43.0,64.0,1.0
44.0,15.0,1.0
44.0,50.0,2.0
44.0,51.0,1.0
44.0,52.0,1.0
44.0,53.0,4.0
44.0,54.0,2.0
44.0,57.0,1.0
44.0,63.0,1.0
45.0,17.0,1.0
45.0,32.0,1.0
45.0,41.0,1.0
45.0,51.0,3.0
45.0,52.0,2.0
45.0,53.0,2.0
45.0,54.0,1.0
45.0,55.0,5.0
45.0,56.0,2.0
45.0,61.0,2.0
45.0,64.0,1.0
46.0,19.0,1.0
46.0,34.0,1.0
46.0,36.0,2.0
46.0,38.0,1.0
46.0,43.0,13.0
46.0,44.0,1.0
46.0,46.0,4.0
46.0,51.0,4.0
46.0,52.0,2.0
46.0,54.0,1.0
46.0,55.0,1.0
46.0,73.0,1.0
46.0,74.0,16.0
46.0,78.0,2.0
47.0,19.0,1.0
47.0,51.0,1.0
47.0,52.0,2.0
47.0,53.0,2.0
47.0,55.0,1.0
47.0,61.0,1.0
47.0,65.0,1.0
47.0,67.0,1.0
47.0,70.0,1.0
47.0,75.0,4.0
48.0,22.0,1.0
48.0,25.0,1.0
48.0,40.0,1.0
48.0,43.0,2.0
48.0,51.0,2.0
48.0,53.0,2.0
48.0,54.0,1.0
48.0,58.0,1.0
48.0,59.0,1.0
48.0,60.0,1.0
48.0,61.0,5.0
48.0,63.0,1.0
48.0,64.0,3.0
48.0,73.0,3.0
48.0,74.0,8.0
48.0,75.0,2.0
49.0,10.0,1.0
49.0,40.0,1.0
49.0,42.0,2.0
49.0,44.0,1.0
49.0,53.0,36.0
49.0,54.0,15.0
49.0,55.0,1.0
49.0,56.0,1.0
49.0,57.0,3.0
49.0,58.0,3.0
49.0,61.0,3.0
49.0,62.0,3.0
49.0,74.0,2.0
49.0,75.0,37.0
50.0,11.0,1.0
50.0,12.0,1.0
50.0,19.0,3.0
50.0,31.0,1.0
50.0,34.0,1.0
50.0,43.0,4.0
50.0,45.0,2.0
50.0,49.0,2.0
50.0,50.0,3.0
50.0,51.0,14.0
50.0,52.0,3.0
50.0,53.0,7.0
50.0,54.0,1.0
50.0,60.0,29.0
50.0,61.0,1.0
50.0,62.0,1.0
50.0,65.0,1.0
50.0,70.0,1.0
50.0,73.0,1.0
50.0,74.0,5.0
50.0,75.0,2.0
51.0,13.0,1.0
51.0,14.0,1.0
51.0,21.0,1.0
51.0,27.0,1.0
51.0,35.0,1.0
51.0,36.0,1.0
51.0,37.0,1.0
51.0,38.0,1.0
51.0,41.0,2.0
51.0,42.0,2.0
51.0,43.0,55.0
51.0,44.0,17.0
51.0,45.0,17.0
51.0,46.0,4.0
51.0,47.0,3.0
51.0,48.0,1.0
51.0,53.0,3.0
51.0,54.0,1.0
51.0,61.0,1.0
51.0,64.0,1.0
51.0,65.0,1.0
51.0,66.0,1.0
51.0,67.0,1.0
51.0,69.0,1.0
51.0,72.0,4.0
51.0,74.0,1.0
52.0,16.0,1.0
52.0,20.0,1.0
52.0,34.0,1.0
52.0,35.0,9.0
52.0,42.0,1.0
52.0,43.0,5.0
52.0,45.0,3.0
52.0,46.0,5.0
52.0,52.0,1.0
52.0,53.0,1.0
52.0,54.0,1.0
52.0,55.0,2.0
52.0,56.0,1.0
52.0,58.0,1.0
52.0,59.0,1.0
52.0,61.0,2.0
52.0,62.0,4.0
52.0,63.0,5.0
52.0,64.0,1.0
52.0,65.0,1.0
52.0,75.0,1.0
53.0,11.0,2.0
53.0,13.0,1.0
53.0,17.0,3.0
53.0,20.0,1.0
53.0,35.0,1.0
53.0,42.0,1.0
53.0,43.0,2.0
53.0,46.0,2.0
53.0,47.0,7.0
53.0,48.0,1.0
53.0,52.0,8.0
53.0,53.0,2.0
53.0,54.0,2.0
53.0,57.0,1.0
53.0,59.0,1.0
53.0,60.0,1.0
53.0,62.0,4.0
53.0,63.0,2.0
53.0,66.0,1.0
53.0,73.0,2.0
53.0,75.0,2.0
54.0,12.0,1.0
54.0,14.0,1.0
54.0,19.0,23.0
54.0,35.0,1.0
54.0,36.0,1.0
54.0,43.0,5.0
54.0,47.0,2.0
54.0,48.0,2.0
54.0,51.0,2.0
54.0,52.0,2.0
54.0,53.0,2.0
54.0,54.0,2.0
54.0,58.0,7.0
54.0,63.0,3.0
54.0,65.0,1.0
54.0,66.0,1.0
54.0,73.0,1.0
54.0,75.0,2.0
55.0,11.0,1.0
55.0,17.0,3.0
55.0,20.0,2.0
55.0,22.0,2.0
55.0,35.0,2.0
55.0,36.0,3.0
55.0,40.0,2.0
55.0,41.0,1.0
55.0,43.0,7.0
55.0,45.0,1.0
55.0,46.0,2.0
55.0,47.0,1.0
55.0,48.0,15.0
55.0,49.0,8.0
55.0,51.0,8.0
55.0,54.0,1.0
55.0,55.0,3.0
55.0,56.0,4.0
55.0,58.0,1.0
55.0,62.0,2.0
55.0,63.0,10.0
55.0,73.0,1.0
55.0,75.0,1.0
56.0,11.0,1.0
56.0,15.0,1.0
56.0,17.0,1.0
56.0,31.0,1.0
56.0,34.0,1.0
56.0,35.0,1.0
56.0,43.0,1.0
56.0,46.0,2.0
56.0,47.0,2.0
56.0,49.0,4.0
56.0,50.0,2.0
56.0,51.0,2.0
56.0,54.0,3.0
56.0,55.0,1.0
56.0,56.0,3.0
56.0,58.0,1.0
56.0,59.0,1.0
56.0,70.0,2.0
56.0,73.0,3.0
56.0,74.0,1.0
56.0,75.0,1.0
56.0,76.0,9.0
57.0,11.0,1.0
57.0,17.0,1.0
57.0,18.0,1.0
57.0,22.0,1.0
57.0,36.0,1.0
57.0,43.0,4.0
57.0,45.0,1.0
57.0,46.0,3.0
57.0,50.0,1.0
57.0,51.0,3.0
57.0,53.0,1.0
57.0,54.0,2.0
57.0,55.0,2.0
57.0,56.0,3.0
57.0,59.0,1.0
57.0,63.0,5.0
57.0,64.0,1.0
57.0,65.0,2.0
57.0,66.0,4.0
57.0,69.0,1.0
57.0,70.0,1.0
57.0,71.0,3.0
57.0,72.0,1.0
57.0,73.0,3.0
57.0,75.0,2.0
57.0,76.0,1.0
58.0,19.0,1.0
58.0,20.0,2.0
58.0,23.0,2.0
58.0,24.0,1.0
58.0,25.0,6.0
58.0,26.0,3.0
58.0,27.0,1.0
58.0,28.0,2.0
58.0,36.0,1.0
58.0,39.0,3.0
58.0,40.0,1.0
58.0,41.0,1.0
58.0,43.0,1.0
58.0,44.0,4.0
58.0,45.0,1.0
58.0,46.0,14.0
58.0,47.0,1.0
58.0,48.0,2.0
58.0,49.0,5.0
58.0,50.0,3.0
58.0,51.0,5.0
58.0,52.0,3.0
58.0,53.0,1.0
58.0,54.0,4.0
58.0,55.0,1.0
58.0,56.0,2.0
58.0,58.0,1.0
58.0,59.0,2.0
58.0,60.0,1.0
58.0,61.0,1.0
58.0,63.0,1.0
58.0,64.0,1.0
58.0,66.0,2.0
58.0,67.0,10.0
58.0,70.0,2.0
58.0,71.0,1.0
58.0,72.0,2.0
58.0,73.0,1.0
58.0,74.0,2.0
58.0,75.0,2.0
58.0,77.0,1.0
58.0,78.0,3.0
59.0,27.0,3.0
59.0,28.0,7.0
59.0,29.0,1.0
59.0,32.0,2.0
59.0,33.0,3.0
59.0,35.0,2.0
59.0,36.0,2.0
59.0,44.0,4.0
59.0,45.0,4.0
59.0,46.0,11.0
59.0,48.0,2.0
59.0,49.0,1.0
59.0,50.0,1.0
59.0,51.0,33.0
59.0,52.0,2.0
59.0,53.0,4.0
59.0,54.0,3.0
59.0,55.0,1.0
59.0,56.0,2.0
59.0,57.0,1.0
59.0,59.0,4.0
59.0,60.0,2.0
59.0,61.0,1.0
59.0,62.0,6.0
59.0,63.0,3.0
59.0,64.0,5.0
59.0,65.0,2.0
59.0,67.0,4.0
59.0,68.0,2.0
59.0,71.0,6.0
59.0,72.0,3.0
59.0,73.0,3.0
59.0,74.0,2.0
60.0,17.0,2.0
60.0,20.0,1.0
60.0,29.0,1.0
60.0,30.0,10.0
60.0,31.0,2.0
60.0,32.0,1.0
60.0,33.0,4.0
60.0,34.0,1.0
60.0,35.0,1.0
60.0,36.0,1.0
60.0,37.0,1.0
60.0,38.0,2.0
60.0,39.0,2.0
60.0,41.0,5.0
60.0,42.0,7.0
60.0,43.0,2.0
60.0,44.0,1.0
60.0,46.0,3.0
60.0,48.0,1.0
60.0,49.0,15.0
60.0,50.0,6.0
60.0,53.0,2.0
60.0,54.0,5.0
60.0,55.0,3.0
60.0,56.0,5.0
60.0,57.0,1.0
60.0,58.0,1.0
60.0,59.0,2.0
60.0,60.0,2.0
60.0,61.0,2.0
60.0,62.0,3.0
60.0,63.0,2.0
60.0,64.0,6.0
60.0,65.0,3.0
60.0,66.0,7.0
60.0,67.0,3.0
60.0,68.0,2.0
60.0,69.0,3.0
60.0,71.0,2.0
60.0,78.0,2.0
61.0,20.0,1.0
61.0,26.0,1.0
61.0,31.0,5.0
61.0,32.0,3.0
61.0,33.0,2.0
61.0,35.0,1.0
61.0,36.0,6.0
61.0,37.0,4.0
61.0,38.0,4.0
61.0,39.0,3.0
61.0,40.0,3.0
61.0,41.0,4.0
61.0,42.0,4.0
61.0,43.0,5.0
61.0,44.0,4.0
61.0,45.0,5.0
61.0,46.0,7.0
61.0,47.0,1.0
61.0,48.0,2.0
61.0,49.0,1.0
61.0,50.0,2.0
61.0,52.0,1.0
61.0,53.0,3.0
61.0,54.0,1.0
61.0,55.0,3.0
61.0,56.0,4.0
61.0,57.0,3.0
61.0,58.0,1.0
61.0,59.0,2.0
61.0,61.0,4.0
61.0,62.0,3.0
61.0,63.0,8.0
61.0,64.0,10.0
61.0,65.0,1.0
61.0,66.0,1.0
61.0,67.0,2.0
61.0,69.0,1.0
61.0,71.0,2.0
61.0,72.0,2.0
61.0,73.0,1.0
61.0,80.0,3.0
62.0,20.0,1.0
62.0,26.0,1.0
62.0,27.0,1.0
62.0,28.0,2.0
62.0,33.0,6.0
62.0,34.0,1.0
62.0,35.0,5.0
62.0,37.0,3.0
62.0,40.0,1.0
62.0,42.0,1.0
62.0,43.0,1.0
62.0,44.0,3.0
62.0,45.0,4.0
62.0,46.0,5.0
62.0,47.0,2.0
62.0,48.0,3.0
62.0,49.0,3.0
62.0,50.0,4.0
62.0,51.0,1.0
62.0,52.0,2.0
62.0,53.0,2.0
62.0,54.0,1.0
62.0,55.0,3.0
62.0,56.0,8.0
62.0,57.0,1.0
62.0,58.0,1.0
62.0,59.0,2.0
62.0,60.0,1.0
62.0,61.0,2.0
62.0,62.0,4.0
62.0,63.0,34.0
62.0,64.0,5.0
62.0,65.0,1.0
62.0,66.0,4.0
62.0,67.0,3.0
62.0,71.0,1.0
62.0,72.0,2.0
62.0,79.0,2.0
63.0,17.0,1.0
63.0,32.0,1.0
63.0,33.0,37.0
63.0,34.0,3.0
63.0,35.0,1.0
63.0,36.0,2.0
63.0,37.0,1.0
63.0,38.0,1.0
63.0,39.0,4.0
63.0,40.0,2.0
63.0,43.0,1.0
63.0,44.0,3.0
63.0,47.0,2.0
63.0,48.0,2.0
63.0,49.0,3.0
63.0,50.0,3.0
63.0,53.0,1.0
63.0,54.0,2.0
63.0,55.0,1.0
63.0,56.0,4.0
63.0,57.0,11.0
63.0,58.0,1.0
63.0,60.0,3.0
63.0,61.0,2.0
63.0,62.0,1.0
63.0,63.0,12.0
63.0,64.0,3.0
63.0,65.0,2.0
63.0,66.0,3.0
63.0,67.0,2.0
63.0,74.0,2.0
63.0,78.0,2.0
63.0,80.0,1.0
64.0,13.0,1.0
64.0,14.0,1.0
64.0,18.0,1.0
64.0,20.0,1.0
64.0,33.0,5.0
64.0,34.0,2.0
64.0,36.0,2.0
64.0,37.0,1.0
64.0,38.0,1.0
64.0,39.0,1.0
64.0,40.0,1.0
64.0,41.0,3.0
64.0,42.0,1.0
64.0,44.0,1.0
64.0,45.0,2.0
64.0,51.0,3.0
64.0,52.0,2.0
64.0,55.0,1.0
64.0,57.0,3.0
64.0,58.0,4.0
64.0,60.0,1.0
64.0,61.0,4.0
64.0,62.0,4.0
64.0,63.0,6.0
64.0,64.0,11.0
64.0,65.0,2.0
64.0,66.0,1.0
64.0,67.0,1.0
64.0,69.0,1.0
64.0,77.0,4.0
65.0,12.0,1.0
65.0,33.0,2.0
65.0,36.0,4.0
65.0,39.0,1.0
65.0,42.0,2.0
65.0,43.0,1.0
65.0,46.0,1.0
65.0,49.0,1.0
65.0,50.0,1.0
65.0,51.0,1.0
65.0,52.0,3.0
65.0,54.0,3.0
65.0,55.0,8.0
65.0,56.0,2.0
65.0,59.0,7.0
65.0,61.0,2.0
65.0,62.0,2.0
65.0,63.0,11.0
65.0,64.0,9.0
65.0,65.0,6.0
65.0,66.0,3.0
65.0,67.0,2.0
65.0,70.0,1.0
65.0,71.0,2.0
65.0,76.0,4.0
65.0,80.0,1.0
66.0,33.0,5.0
66.0,34.0,1.0
66.0,35.0,1.0
66.0,36.0,1.0
66.0,42.0,1.0
66.0,46.0,1.0
66.0,49.0,1.0
66.0,50.0,1.0
66.0,51.0,1.0
66.0,53.0,1.0
66.0,54.0,1.0
66.0,55.0,3.0
66.0,58.0,3.0
66.0,59.0,2.0
66.0,60.0,5.0
66.0,61.0,1.0
66.0,62.0,2.0
66.0,63.0,35.0
66.0,64.0,4.0
66.0,65.0,12.0
66.0,66.0,2.0
66.0,68.0,1.0
66.0,72.0,2.0
66.0,74.0,3.0
66.0,75.0,3.0
67.0,15.0,1.0
67.0,19.0,1.0
67.0,22.0,1.0
67.0,23.0,1.0
67.0,32.0,1.0
67.0,33.0,2.0
67.0,36.0,5.0
67.0,37.0,5.0
67.0,40.0,4.0
67.0,45.0,1.0
67.0,52.0,1.0
67.0,53.0,7.0
67.0,54.0,1.0
67.0,55.0,1.0
67.0,58.0,3.0
67.0,59.0,2.0
67.0,60.0,3.0
67.0,61.0,2.0
67.0,62.0,1.0
67.0,63.0,5.0
67.0,64.0,6.0
67.0,65.0,5.0
67.0,66.0,1.0
67.0,67.0,1.0
67.0,69.0,1.0
67.0,72.0,3.0
67.0,73.0,4.0
67.0,74.0,4.0
67.0,75.0,5.0
67.0,77.0,1.0
68.0,13.0,2.0
68.0,23.0,1.0
68.0,24.0,2.0
68.0,33.0,5.0
68.0,35.0,1.0
68.0,36.0,1.0
68.0,37.0,1.0
68.0,45.0,1.0
68.0,47.0,1.0
68.0,49.0,1.0
68.0,50.0,1.0
68.0,51.0,1.0
68.0,52.0,1.0
68.0,53.0,7.0
68.0,54.0,1.0
68.0,56.0,1.0
68.0,59.0,1.0
68.0,60.0,1.0
68.0,61.0,1.0
68.0,62.0,7.0
68.0,64.0,7.0
68.0,65.0,5.0
68.0,66.0,5.0
68.0,67.0,4.0
68.0,70.0,2.0
68.0,72.0,4.0
68.0,73.0,17.0
68.0,74.0,9.0
68.0,77.0,3.0
69.0,25.0,1.0
69.0,29.0,1.0
69.0,33.0,2.0
69.0,35.0,2.0
69.0,36.0,1.0
69.0,37.0,3.0
69.0,38.0,7.0
69.0,39.0,1.0
69.0,40.0,1.0
69.0,41.0,1.0
69.0,42.0,2.0
69.0,43.0,2.0
69.0,44.0,3.0
69.0,49.0,1.0
69.0,51.0,3.0
69.0,52.0,5.0
69.0,53.0,3.0
69.0,55.0,1.0
69.0,56.0,1.0
69.0,58.0,1.0
69.0,60.0,1.0
69.0,61.0,2.0
69.0,62.0,1.0
69.0,63.0,3.0
69.0,64.0,7.0
69.0,66.0,1.0
69.0,67.0,2.0
69.0,68.0,1.0
69.0,69.0,31.0
69.0,72.0,3.0
69.0,73.0,16.0
70.0,16.0,1.0
70.0,19.0,1.0
70.0,20.0,1.0
70.0,30.0,1.0
70.0,32.0,1.0
70.0,33.0,2.0
70.0,37.0,1.0
70.0,38.0,7.0
70.0,39.0,3.0
70.0,45.0,2.0
70.0,46.0,1.0
70.0,47.0,1.0
70.0,48.0,3.0
70.0,52.0,2.0
70.0,54.0,2.0
70.0,55.0,1.0
70.0,56.0,3.0
70.0,57.0,1.0
70.0,60.0,1.0
70.0,62.0,1.0
70.0,63.0,16.0
70.0,64.0,4.0
70.0,66.0,5.0
70.0,67.0,1.0
70.0,68.0,3.0
70.0,69.0,4.0
70.0,70.0,2.0
70.0,71.0,8.0
70.0,72.0,13.0
70.0,73.0,34.0
71.0,14.0,1.0
71.0,16.0,2.0
71.0,19.0,1.0
71.0,23.0,1.0
71.0,32.0,2.0
71.0,34.0,4.0
71.0,35.0,1.0
71.0,36.0,1.0
71.0,38.0,2.0
71.0,39.0,2.0
71.0,40.0,2.0
71.0,56.0,1.0
71.0,58.0,2.0
71.0,59.0,1.0
71.0,62.0,1.0
71.0,64.0,7.0
71.0,65.0,5.0
71.0,66.0,2.0
71.0,67.0,2.0
71.0,68.0,4.0
71.0,69.0,2.0
71.0,70.0,4.0
71.0,71.0,3.0
71.0,72.0,1.0
71.0,73.0,19.0
72.0,15.0,1.0
72.0,24.0,1.0
72.0,29.0,38.0
72.0,34.0,12.0
72.0,35.0,1.0
72.0,36.0,2.0
72.0,37.0,1.0
72.0,38.0,1.0
72.0,54.0,3.0
72.0,55.0,1.0
72.0,58.0,1.0
72.0,60.0,1.0
72.0,61.0,1.0
72.0,63.0,3.0
72.0,64.0,1.0
72.0,65.0,6.0
72.0,66.0,3.0
72.0,67.0,1.0
72.0,68.0,2.0
72.0,70.0,2.0
72.0,71.0,1.0
72.0,72.0,1.0
72.0,73.0,3.0
73.0,34.0,2.0
73.0,53.0,2.0
73.0,54.0,2.0
73.0,57.0,2.0
73.0,59.0,1.0
73.0,60.0,2.0
73.0,62.0,12.0
73.0,63.0,8.0
73.0,64.0,2.0
73.0,65.0,2.0
73.0,66.0,1.0
73.0,68.0,1.0
73.0,69.0,5.0
73.0,70.0,5.0
73.0,71.0,1.0
73.0,72.0,1.0
73.0,73.0,1.0
74.0,30.0,1.0
74.0,34.0,4.0
74.0,38.0,1.0
74.0,51.0,1.0
74.0,52.0,1.0
74.0,55.0,1.0
74.0,56.0,1.0
74.0,58.0,13.0
74.0,59.0,1.0
74.0,62.0,1.0
74.0,63.0,12.0
74.0,65.0,16.0
74.0,66.0,2.0
74.0,67.0,1.0
74.0,68.0,1.0
75.0,29.0,1.0
75.0,34.0,10.0
75.0,35.0,1.0
75.0,51.0,1.0
75.0,57.0,3.0
75.0,58.0,17.0
75.0,60.0,3.0
75.0,61.0,1.0
75.0,62.0,1.0
75.0,66.0,2.0
75.0,67.0,5.0
75.0,68.0,2.0
75.0,69.0,2.0
75.0,70.0,12.0
75.0,71.0,10.0
76.0,34.0,8.0
76.0,35.0,183.0
76.0,36.0,39.0
76.0,38.0,8.0
76.0,39.0,1.0
76.0,40.0,1.0
76.0,41.0,2.0
76.0,48.0,2.0
76.0,49.0,1.0
76.0,55.0,1.0
76.0,56.0,3.0
76.0,59.0,3.0
76.0,62.0,3.0
76.0,63.0,1.0
76.0,64.0,1.0
76.0,66.0,1.0
76.0,67.0,4.0
76.0,68.0,1.0
76.0,69.0,3.0
76.0,70.0,2.0
76.0,71.0,4.0
76.0,72.0,1.0
77.0,10.0,8.0
77.0,31.0,2.0
77.0,34.0,9.0
77.0,35.0,301.0
77.0,36.0,277.0
77.0,40.0,1.0
77.0,46.0,1.0
77.0,47.0,1.0
77.0,57.0,1.0
77.0,58.0,1.0
77.0,59.0,1.0
77.0,61.0,2.0
77.0,62.0,2.0
77.0,63.0,1.0
77.0,64.0,6.0
77.0,65.0,2.0
77.0,67.0,2.0
77.0,69.0,1.0
78.0,11.0,1.0
78.0,33.0,1.0
78.0,34.0,6.0
78.0,35.0,2.0
78.0,36.0,3.0
78.0,37.0,4.0
78.0,38.0,5.0
78.0,40.0,1.0
78.0,42.0,1.0
78.0,44.0,1.0
78.0,45.0,1.0
78.0,58.0,1.0
78.0,63.0,3.0
78.0,64.0,1.0
78.0,70.0,1.0
79.0,34.0,1.0
79.0,35.0,2.0
79.0,36.0,1.0
79.0,38.0,1.0
79.0,62.0,1.0
79.0,63.0,2.0
79.0,65.0,2.0
80.0,12.0,1.0
80.0,24.0,1.0
80.0,47.0,1.0
80.0,54.0,1.0
80.0,65.0,1.0
80.0,66.0,5.0
81.0,19.0,1.0
81.0,28.0,1.0
81.0,39.0,9.0
81.0,41.0,1.0
82.0,15.0,1.0
82.0,66.0,2.0
83.0,18.0,1.0
84.0,18.0,1.0
84.0,19.0,4.0
84.0,70.0,1.0
85.0,70.0,2.0
86.0,71.0,2.0
87.0,73.0,1.0
88.0,74.0,1.0
89.0,75.0,1.0
89.0,99.0,1.0
91.0,78.0,1.0
91.0,85.0,1.0
92.0,78.0,1.0
92.0,79.0,1.0
92.0,89.0,1.0
92.0,95.0,1.0
93.0,79.0,1.0
93.0,80.0,1.0
94.0,81.0,3.0
95.0,91.0,1.0
97.0,84.0,2.0
99.0,86.0,1.0
