    startId       endId   startLat    startLon     endLat      endLon  roadCount
   65281164    65310804  37.774605 -122.425910  37.774808 -122.424308        8.0
   65298359    65332168  37.767008 -122.448032  37.768874 -122.448408        1.0
   65298373    65298376  37.766590 -122.451319  37.766379 -122.452975        1.0
   65307645    65309828  37.768754 -122.422258  37.768146 -122.422200        2.0
   65310795  4967499780  37.775431 -122.419398  37.775193 -122.419350        1.0
   65310817    65310815  37.773559 -122.434127  37.773768 -122.432486       10.0
   65310830    65310828  37.772093 -122.445742  37.772311 -122.444038        7.0
   65317956    65334137  37.785182 -122.417924  37.786111 -122.418111       20.0
   65319660    65317391  37.764917 -122.421886  37.763305 -122.421740        6.0
   65321354    65349295  37.759050 -122.448485  37.758231 -122.452462        1.0
   65322552  1511342574  37.765241 -122.454421  37.764942 -122.456772        2.0
   65327925    65332164  37.770015 -122.446952  37.769085 -122.446765        1.0
   65333496    65362744  37.764190 -122.446095  37.763699 -122.446533        1.0
   65333839    65287111  37.783617 -122.422665  37.784551 -122.422856        4.0
   65334137    65327158  37.786111 -122.418111  37.785903 -122.419757       12.0
   65334139    65338019  37.785686 -122.421476  37.785486 -122.423045        4.0
   65349295    65321354  37.758231 -122.452462  37.759050 -122.448485        1.0
   65350747    65308289  37.779892 -122.421911  37.780823 -122.422103        6.0
   65351063    65287689  37.764286 -122.460977  37.764333 -122.459908        1.0
   65352344    65356392  37.780077 -122.420342  37.778242 -122.419972        3.0
   65355417    65355419  37.764002 -122.467404  37.763955 -122.468473        1.0
   65373722    65372918  37.782888 -122.420910  37.781954 -122.420722        4.0
  258758550   258758551  37.784774 -122.421136  37.785705 -122.421324        5.0
  258768383  2315555430  37.771803 -122.423410  37.769596 -122.416662        7.0
  295083423   295083424  37.769122 -122.424567  37.768011 -122.424464        4.0
  295083424   295083425  37.768011 -122.424464  37.766402 -122.424310        4.0
  295083425   295083426  37.766402 -122.424310  37.764787 -122.424147        2.0
 1723738835  1723739237  37.774339 -122.420238  37.774331 -122.420451        3.0
 1723738980   267455477  37.772599 -122.422660  37.771986 -122.423404        7.0
 4178749997    65321333  37.761570 -122.446651  37.761098 -122.446460        1.0
 4967499780  1723739149  37.775193 -122.419350  37.775050 -122.419313        1.0
 4967499780  1723739237  37.775193 -122.419350  37.774331 -122.420451        6.0