startId,endId,startLat,startLon,endLat,endLon,roadCount
65295324,65307397,37.791631,-122.41248,37.792557,-122.412667,1.0
65313133,65313138,37.785394000000004,-122.40869599999999,37.786318,-122.40895400000001,4.0
65313138,65313133,37.786318,-122.40895400000001,37.785394000000004,-122.40869599999999,9.0
65326742,65333814,37.78529,-122.40951299999999,37.785081,-122.41115900000001,22.0
65351772,65325032,37.784484,-122.404257,37.782728999999996,-122.40649599999999,11.0
1580501206,65317945,37.786015,-122.411348,37.786221000000005,-122.4097,48.0
1580501206,65334120,37.786015,-122.411348,37.786947,-122.41153600000001,31.0
1723739163,65313131,37.784013,-122.40807099999999,37.784462,-122.40853200000001,7.0
6250503154,65343971,37.7952,-122.41318700000001,37.794323999999996,-122.413021,5.0
