startId,endId,startLat,startLon,endLat,endLon,roadCount
65283381,65331705,37.750528,-122.392074,37.738026,-122.401559,8.0
65310547,65286228,37.808073,-122.36723500000001,37.785942999999996,-122.39098600000001,17.0
65325067,300662244,37.774043,-122.395587,37.771738,-122.39846899999999,2.0
259395097,65355330,37.767074,-122.395091,37.774498,-122.39618200000001,18.0
259395677,767808208,37.742674,-122.397149,37.7573,-122.392205,9.0
260193331,6329528595,37.778155,-122.39191699999999,37.776462,-122.39406699999999,4.0
322653582,65373362,37.794531,-122.393179,37.796015999999995,-122.39458300000001,8.0
1659365989,65286004,37.718907,-122.399406,37.72497,-122.401564,10.0
6311843504,6311848839,37.789645,-122.388406,37.790919,-122.389922,2.0
