startId,endId,startLat,startLon,endLat,endLon,roadCount
32927645,65331336,37.732673999999996,-122.413308,37.738,-122.40153000000001,2.0
65286004,65285329,37.72497,-122.401564,37.731178,-122.403997,21.0
65290178,6311843504,37.787079999999996,-122.387708,37.789645,-122.388406,3.0
257316060,6311883028,37.779906,-122.389299,37.781769,-122.38813200000001,2.0
259395097,65355330,37.767074,-122.395091,37.774498,-122.39618200000001,11.0
259395677,767808208,37.742674,-122.397149,37.7573,-122.392205,25.0
260193155,260193156,37.776306,-122.39383500000001,37.777976,-122.39169199999999,7.0
767808208,259394878,37.7573,-122.392205,37.760605,-122.392324,8.0
3719575845,65363148,37.792546,-122.390971,37.793831,-122.392449,1.0
