startId,endId,startLat,startLon,endLat,endLon,roadCount
32927645,65331336,37.732673999999996,-122.413308,37.738,-122.40153000000001,4.0
65282779,1260360822,37.780791,-122.399635,37.778094,-122.401955,2.0
65283381,65331705,37.750528,-122.392074,37.738026,-122.401559,11.0
65284885,65282369,37.739469,-122.408143,37.735737,-122.408841,4.0
65286004,65285329,37.72497,-122.401564,37.731178,-122.403997,7.0
65371530,733638862,37.771701,-122.406447,37.769449,-122.410976,1.0
65371540,729040229,37.766047,-122.405244,37.752553999999996,-122.402999,25.0
65371661,65285599,37.730114,-122.403995,37.726603000000004,-122.402483,7.0
729040229,65284677,37.752553999999996,-122.402999,37.747095,-122.404509,10.0
