startId,endId,startLat,startLon,endLat,endLon,roadCount
65284677,65284885,37.747095,-122.404509,37.739469,-122.408143,9.0
65314340,65314343,37.770151,-122.420175,37.769989,-122.42113400000001,2.0
65335612,767827024,37.720573,-122.400154,37.714804,-122.397974,4.0
65371540,729040229,37.766047,-122.405244,37.752553999999996,-122.402999,22.0
259408341,65371661,37.733191,-122.405674,37.730114,-122.403995,2.0
267456161,65329103,37.785283,-122.42468899999999,37.783409000000006,-122.42431200000001,4.0
371239915,65337003,37.791765000000005,-122.42599799999999,37.791973,-122.424356,1.0
448104973,65315836,37.772617,-122.42148600000002,37.771765,-122.42035200000001,1.0
5019919799,65358372,37.769304999999996,-122.41086100000001,37.76921,-122.40833400000001,5.0
