startId,endId,startLat,startLon,endLat,endLon,roadCount
65305454,1130284621,37.749813,-122.39530900000001,37.750809000000004,-122.395448,283.0
65315452,65290178,37.784732,-122.387896,37.787079999999996,-122.387708,3.0
259395097,65355330,37.767074,-122.395091,37.774498,-122.39618200000001,46.0
260193156,6311883025,37.777976,-122.39169199999999,37.779764,-122.38948300000001,4.0
260193330,666571224,37.776376,-122.394177,37.776185999999996,-122.393988,1.0
298938962,65283528,37.757591,-122.392121,37.755829999999996,-122.39199099999999,2.0
1130284621,65305454,37.750809000000004,-122.395448,37.749813,-122.39530900000001,11.0
4905084623,340160946,37.749896,-122.393367,37.749990000000004,-122.392374,9.0
6311843504,6311848839,37.789645,-122.388406,37.790919,-122.389922,9.0
