startId,endId,startLat,startLon,endLat,endLon,roadCount
65297590,65297593,37.764049,-122.466333,37.762184000000005,-122.466202,3.0
65301517,65336860,37.773859,-122.439297,37.773641999999995,-122.44093500000001,2.0
65304276,65297588,37.766024,-122.46539399999999,37.765976,-122.466462,2.0
65314554,65314556,37.764144,-122.46419099999999,37.762278,-122.46406,1.0
65336708,65313357,37.77342,-122.44258,37.773210999999996,-122.444224,2.0
65346064,65310394,37.772372999999995,-122.450805,37.772155,-122.45244,3.0
65354073,65348299,37.774912,-122.431028,37.774702000000005,-122.432675,6.0
1350922023,309033123,37.768046999999996,-122.45583,37.767371999999995,-122.458123,2.0
2568380120,65284974,37.775743,-122.42449599999999,37.77554,-122.426098,4.0
