startId,endId,startLat,startLon,endLat,endLon,roadCount
65283914,65322266,37.744832,-122.405078,37.753336,-122.402851,8.0
65317350,65340079,37.764665,-122.404509,37.765964000000004,-122.404634,1.0
65318126,65320739,37.766695,-122.39967800000001,37.767298,-122.400429,1.0
65322266,65286435,37.753336,-122.402851,37.761786,-122.405882,5.0
65340076,65328379,37.767257,-122.404758,37.767314,-122.40378500000001,1.0
65345898,65345333,37.767144,-122.40669799999999,37.765845,-122.406567,6.0
65371816,65371828,37.729626,-122.403499,37.73434,-122.406121,3.0
766946830,65283914,37.740903,-122.40768700000001,37.744832,-122.405078,5.0
1659365989,65286004,37.718907,-122.399406,37.72497,-122.401564,17.0
