startId,endId,startLat,startLon,endLat,endLon,roadCount
65285332,65285599,37.731256,-122.404103,37.726603000000004,-122.402483,7.0
65293779,65315481,37.774814,-122.40099599999999,37.776574,-122.39877,13.0
65299058,65290211,37.782485,-122.39286499999999,37.783091999999996,-122.39362,3.0
259395097,65293779,37.767074,-122.395091,37.774814,-122.40099599999999,14.0
259395677,767808208,37.742674,-122.397149,37.7573,-122.392205,22.0
317102881,65290211,37.784095,-122.394898,37.783091999999996,-122.39362,2.0
729040229,65284677,37.752553999999996,-122.402999,37.747095,-122.404509,13.0
4155016904,65282263,37.74217,-122.395141,37.743179999999995,-122.39674199999999,2.0
6329528592,65300049,37.777148,-122.39493700000001,37.778855,-122.39276399999999,10.0
