startId,endId,startLat,startLon,endLat,endLon,roadCount
65286004,65285329,37.72497,-122.401564,37.731178,-122.403997,10.0
65300085,65300097,37.785015,-122.400478,37.786260999999996,-122.402041,26.0
65306802,65300085,37.785888,-122.39937900000001,37.785015,-122.400478,32.0
65331705,65285332,37.738026,-122.401559,37.731256,-122.404103,11.0
65335254,65300069,37.783259,-122.395423,37.782134,-122.396872,1.0
259395097,65355330,37.767074,-122.395091,37.774498,-122.39618200000001,14.0
259395677,767808208,37.742674,-122.397149,37.7573,-122.392205,14.0
260193155,260193156,37.776306,-122.39383500000001,37.777976,-122.39169199999999,6.0
767808208,259394878,37.7573,-122.392205,37.760605,-122.392324,9.0
