startId,endId,startLat,startLon,endLat,endLon,roadCount
65281429,4627636293,37.785224,-122.39402700000001,37.785939,-122.393124,2.0
65300073,65317713,37.782556,-122.3974,37.783426,-122.396302,2.0
65317045,65317713,37.784313,-122.395178,37.783426,-122.396302,1.0
65317713,65300073,37.783426,-122.396302,37.782556,-122.3974,1.0
65319911,65303525,37.791182,-122.400773,37.79025,-122.400589,1.0
65334473,260193330,37.777072,-122.39503899999998,37.776376,-122.394177,17.0
65335256,601267947,37.780361,-122.39908100000001,37.780046999999996,-122.39856,1.0
317102904,65317045,37.784626,-122.39478000000001,37.784313,-122.395178,1.0
1723739123,65334510,37.79105,-122.39916299999999,37.789771,-122.39756399999999,2.0
