startId,endId,startLat,startLon,endLat,endLon,roadCount
65303561,65314183,37.78714,-122.42506499999999,37.786204,-122.424876,9.0
65306827,65317565,37.776213,-122.411616,37.774993,-122.41008300000001,4.0
65308272,65352330,37.781659999999995,-122.415527,37.780726,-122.41533899999999,5.0
65308289,65308287,37.780823,-122.422103,37.781023,-122.420534,3.0
65314183,65287128,37.786204,-122.424876,37.785429,-122.424719,6.0
65333839,65329103,37.783617,-122.422665,37.783409000000006,-122.42431200000001,2.0
65360267,65354417,37.778890999999994,-122.414956,37.778677,-122.416619,3.0
258758554,65308283,37.781042,-122.420383,37.781242,-122.418811,5.0
4014319583,65303561,37.786929,-122.42671200000001,37.78714,-122.42506499999999,1.0
