startId,endId,startLat,startLon,endLat,endLon,roadCount
65283592,65283647,37.766306,-122.39453300000001,37.760635,-122.39256999999999,14.0
65286605,65288939,37.753147,-122.392734,37.752548,-122.39266299999998,4.0
65293779,65315481,37.774814,-122.40099599999999,37.776574,-122.39877,8.0
65305454,1130284621,37.749813,-122.39530900000001,37.750809000000004,-122.395448,193.0
65306797,65306800,37.786773,-122.39825900000001,37.786206,-122.39898400000001,4.0
65306802,65317532,37.785888,-122.39937900000001,37.784663,-122.397851,7.0
65317713,65300073,37.783426,-122.396302,37.782556,-122.3974,4.0
65335256,65284950,37.780361,-122.39908100000001,37.779529,-122.39813400000001,4.0
435824442,4944670427,37.751047,-122.39338400000001,37.749972,-122.393373,120.0
