startId,endId,startLat,startLon,endLat,endLon,roadCount
65287691,65335530,37.762957,-122.45976999999999,37.763825,-122.456704,23.0
65297118,65329924,37.763335,-122.482505,37.763383000000005,-122.48143200000001,2.0
65302762,65314556,37.762326,-122.46298999999999,37.762278,-122.46406,3.0
65316785,65297593,37.762231,-122.46513,37.762184000000005,-122.466202,2.0
65318239,65351550,37.764399,-122.45353300000001,37.764518,-122.45258899999999,2.0
258912645,258912597,37.764888,-122.48906000000001,37.764934999999994,-122.48798799999999,1.0
258912652,258912606,37.765077000000005,-122.484773,37.765125,-122.483704,1.0
420508878,258970632,37.762059,-122.47048999999998,37.761931,-122.470481,1.0
6353186833,65316669,37.761549,-122.480577,37.761564,-122.48022900000001,1.0
