startId,endId,startLat,startLon,endLat,endLon,roadCount
65281429,915248218,37.785224,-122.39402700000001,37.785562,-122.39156299999999,2.0
65292030,258968238,37.769157,-122.42448300000001,37.769745,-122.42454199999999,1.0
65310547,65286228,37.808073,-122.36723500000001,37.785942999999996,-122.39098600000001,41.0
65314348,65314345,37.769874,-122.42236799999999,37.769923999999996,-122.421601,4.0
276543342,2315555430,37.769304999999996,-122.417872,37.769596,-122.41666200000002,2.0
293741891,65282559,37.772781,-122.40666599999999,37.776381,-122.40433600000001,1.0
295083425,295083426,37.766402,-122.42431,37.764787,-122.42414699999999,8.0
295083427,65318612,37.762358,-122.423915,37.761564,-122.42383799999999,2.0
2315555430,733619113,37.769596,-122.41666200000002,37.769068,-122.409237,5.0
