startId,endId,startLat,startLon,endLat,endLon,roadCount
32927645,65331336,37.732673999999996,-122.413308,37.738,-122.40153000000001,5.0
65283381,65331705,37.750528,-122.392074,37.738026,-122.401559,7.0
65284635,6383748107,37.721121999999994,-122.44778500000001,37.720721999999995,-122.44671299999999,1.0
65284677,65284885,37.747095,-122.404509,37.739469,-122.408143,20.0
65328994,65290337,37.7483,-122.40966200000001,37.748306,-122.40871499999999,2.0
65371661,65285599,37.730114,-122.403995,37.726603000000004,-122.402483,9.0
351962622,32927591,37.732059,-122.432074,37.731383,-122.42540600000001,5.0
2624373719,65349124,37.728281,-122.444154,37.728142999999996,-122.44273899999999,1.0
6383748106,259395663,37.720776,-122.446669,37.721203,-122.447778,1.0
