startId,endId,startLat,startLon,endLat,endLon,roadCount
65285329,65331747,37.731178,-122.403997,37.732968,-122.413197,4.0
65343556,65369293,37.737109999999994,-122.414102,37.738349,-122.413991,2.0
65369293,65343556,37.738349,-122.413991,37.737109999999994,-122.414102,2.0
65369295,65351094,37.733371000000005,-122.41445300000001,37.734770000000005,-122.41431200000001,1.0
65371816,65371828,37.729626,-122.403499,37.73434,-122.406121,4.0
612497394,65335612,37.723896999999994,-122.40143799999998,37.720573,-122.400154,10.0
766912762,65282707,37.737666,-122.40819099999999,37.736785999999995,-122.40887,1.0
1636827301,65291286,37.739723,-122.40951299999999,37.739732000000004,-122.409673,1.0
1970828317,65311496,37.737907,-122.40739599999999,37.737808,-122.40777800000001,1.0
