startId,endId,startLat,startLon,endLat,endLon,roadCount
65288943,65288945,37.752485,-122.393619,37.752429,-122.39466599999999,70.0
65288952,65288945,37.752311,-122.39651299999998,37.752429,-122.39466599999999,173.0
65305454,1130284621,37.749813,-122.39530900000001,37.750809000000004,-122.395448,329.0
65322314,65322310,37.752179999999996,-122.41957,37.752243,-122.41846299999999,1.0
65328414,65327516,37.749409,-122.40206299999998,37.749694,-122.39728400000001,6.0
65332321,65281582,37.748329999999996,-122.407904,37.748719,-122.406751,3.0
258886222,4021550352,37.748213,-122.418204,37.74904,-122.418149,4.0
435824442,4944670427,37.751047,-122.39338400000001,37.749972,-122.393373,158.0
2399950833,1677788937,37.748101,-122.418276,37.74817,-122.41588200000001,5.0
