startId,endId,startLat,startLon,endLat,endLon,roadCount
65314348,65319667,37.769874,-122.42236799999999,37.771596,-122.422541,3.0
65315830,65315835,37.773081,-122.418702,37.772303,-122.41967199999999,8.0
65317391,65319660,37.763304999999995,-122.42173999999999,37.764917,-122.42188600000001,9.0
65318320,65319667,37.771636,-122.421765,37.771596,-122.422541,5.0
65319641,65319637,37.753703,-122.42081200000001,37.752111,-122.420666,3.0
65319643,65319641,37.755303000000005,-122.420965,37.753703,-122.42081200000001,7.0
65319647,65302199,37.757701000000004,-122.421194,37.756907,-122.42111899999999,5.0
65319658,65319656,37.762578000000005,-122.42166999999999,37.761701,-122.421578,5.0
65319667,65318320,37.771596,-122.422541,37.771636,-122.421765,2.0
