startId,endId,startLat,startLon,endLat,endLon,roadCount
65283647,65283475,37.760635,-122.39256999999999,37.756254,-122.39246299999999,5.0
65286610,1656765987,37.751953,-122.39261699999999,37.75038,-122.39251399999999,5.0
65288943,65288945,37.752485,-122.393619,37.752429,-122.39466599999999,83.0
65288952,65288945,37.752311,-122.39651299999998,37.752429,-122.39466599999999,146.0
65293779,767815833,37.774814,-122.40099599999999,37.766915000000004,-122.395292,10.0
65303719,2548141867,37.773056,-122.40321999999999,37.771304,-122.405451,1.0
65305454,1130284621,37.749813,-122.39530900000001,37.750809000000004,-122.395448,237.0
435824442,4944670427,37.751047,-122.39338400000001,37.749972,-122.393373,51.0
2548141872,2548141867,37.77252,-122.406995,37.771304,-122.405451,5.0
