startId,endId,startLat,startLon,endLat,endLon,roadCount
65284677,65284885,37.747095,-122.404509,37.739469,-122.408143,4.0
65303561,65314183,37.78714,-122.42506499999999,37.786204,-122.424876,3.0
65329079,298082887,37.775958,-122.42281000000001,37.775782,-122.42419,5.0
65329089,65350747,37.779684,-122.42356299999999,37.779892,-122.42191100000001,1.0
65371540,729040229,37.766047,-122.405244,37.752553999999996,-122.402999,22.0
259408341,65371661,37.733191,-122.405674,37.730114,-122.403995,2.0
267455448,267455452,37.772957,-122.423832,37.771919,-122.42348500000001,3.0
307638472,267455444,37.775763,-122.42434399999999,37.774821,-122.42421000000002,3.0
2315555430,733619113,37.769596,-122.41666200000002,37.769068,-122.409237,3.0
