startId,endId,startLat,startLon,endLat,endLon,roadCount
65283592,65283647,37.766306,-122.39453300000001,37.760635,-122.39256999999999,14.0
65286126,65285848,37.775464,-122.406378,37.771925,-122.40653999999999,2.0
65288939,65286610,37.752548,-122.39266299999998,37.751953,-122.39261699999999,5.0
65288943,65288945,37.752485,-122.393619,37.752429,-122.39466599999999,292.0
65288945,65288952,37.752429,-122.39466599999999,37.752311,-122.39651299999998,61.0
65288952,65288945,37.752311,-122.39651299999998,37.752429,-122.39466599999999,382.0
65293779,65315483,37.774814,-122.40099599999999,37.774378000000006,-122.401547,3.0
65305454,1130284621,37.749813,-122.39530900000001,37.750809000000004,-122.395448,351.0
2548141872,2548141867,37.77252,-122.406995,37.771304,-122.405451,9.0
