startId,endId,startLat,startLon,endLat,endLon,roadCount
65284677,65284885,37.747095,-122.404509,37.739469,-122.408143,15.0
65306347,258967873,37.76708,-122.42576899999999,37.767057,-122.426557,1.0
65309823,65309820,37.768229,-122.420797,37.768277000000005,-122.41999799999999,2.0
65310244,65371661,37.731244000000004,-122.405103,37.730114,-122.403995,1.0
65317769,5019919799,37.769446,-122.413404,37.769304999999996,-122.41086100000001,2.0
65371540,729040229,37.766047,-122.405244,37.752553999999996,-122.402999,21.0
276546202,276543342,37.769822999999995,-122.41851000000001,37.769304999999996,-122.417872,3.0
295083424,295083425,37.768011,-122.42446399999999,37.766402,-122.42431,4.0
6441793697,65362975,37.769182,-122.420084,37.769977000000004,-122.419975,3.0
