startId,endId,startLat,startLon,endLat,endLon,roadCount
65285808,65285848,37.776113,-122.405096,37.771925,-122.40653999999999,5.0
65300085,65300097,37.785015,-122.400478,37.786260999999996,-122.402041,28.0
65300085,65306804,37.785015,-122.400478,37.783251,-122.402708,6.0
65306802,65300085,37.785888,-122.39937900000001,37.785015,-122.400478,41.0
65306804,65317542,37.783251,-122.402708,37.782025,-122.401176,7.0
65371540,729040229,37.766047,-122.405244,37.752553999999996,-122.402999,26.0
259407001,259408341,37.735545,-122.40704299999999,37.733191,-122.405674,6.0
612497394,65335612,37.723896999999994,-122.40143799999998,37.720573,-122.400154,8.0
729040229,65284677,37.752553999999996,-122.402999,37.747095,-122.404509,12.0
