startId,endId,startLat,startLon,endLat,endLon,roadCount
65285329,65331336,37.731178,-122.403997,37.738,-122.40153000000001,3.0
65300059,65300069,37.78176,-122.396403,37.782134,-122.396872,5.0
65300097,65329980,37.786260999999996,-122.402041,37.787455,-122.40050900000001,11.0
65300097,1723738990,37.786260999999996,-122.402041,37.787676,-122.40343600000001,62.0
65327494,65327503,37.745106,-122.39219299999999,37.746171000000004,-122.39406899999999,1.0
65355330,666571224,37.774498,-122.39618200000001,37.776185999999996,-122.393988,3.0
259395097,65355330,37.767074,-122.395091,37.774498,-122.39618200000001,10.0
260193156,260193331,37.777976,-122.39169199999999,37.778155,-122.39191699999999,1.0
767808208,259394878,37.7573,-122.392205,37.760605,-122.392324,7.0
