startId,endId,startLat,startLon,endLat,endLon,roadCount
65295314,65307389,37.791838,-122.41083,37.792765,-122.411027,27.0
65295314,6319217963,37.791838,-122.41083,37.792044,-122.40923500000001,10.0
65300085,65306804,37.785015,-122.400478,37.783251,-122.402708,15.0
65307389,65295314,37.792765,-122.411027,37.791838,-122.41083,25.0
65313138,65313133,37.786318,-122.40895400000001,37.785394000000004,-122.40869599999999,3.0
65314158,65314156,37.787876000000004,-122.411723,37.788084000000005,-122.410077,6.0
65326736,65319946,37.790884000000005,-122.41063899999999,37.789953000000004,-122.410453,5.0
5858516685,1723738887,37.784912,-122.40693300000001,37.785714,-122.40591599999999,4.0
6319217963,65295314,37.792044,-122.40923500000001,37.791838,-122.41083,15.0
