startId,endId,startLat,startLon,endLat,endLon,roadCount
65283914,5108177063,37.744832,-122.405078,37.747293,-122.40366999999999,4.0
65284677,65284885,37.747095,-122.404509,37.739469,-122.408143,14.0
65332321,65281582,37.748329999999996,-122.407904,37.748719,-122.406751,3.0
65371661,65285599,37.730114,-122.403995,37.726603000000004,-122.402483,6.0
65371828,259408082,37.73434,-122.406121,37.7364,-122.407094,1.0
258886237,65348994,37.748833000000005,-122.406722,37.748486,-122.407793,1.0
1659365989,65286004,37.718907,-122.399406,37.72497,-122.401564,12.0
2399950833,1677788937,37.748101,-122.418276,37.74817,-122.41588200000001,1.0
4724558266,2399950833,37.748061,-122.420286,37.748101,-122.418276,4.0
