startId,endId,startLat,startLon,endLat,endLon,roadCount
65284677,65284885,37.747095,-122.404509,37.739469,-122.408143,9.0
65300085,65306804,37.785015,-122.400478,37.783251,-122.402708,14.0
65306802,65300085,37.785888,-122.39937900000001,37.785015,-122.400478,110.0
65306804,65317542,37.783251,-122.402708,37.782025,-122.401176,10.0
65335612,767827024,37.720573,-122.400154,37.714804,-122.397974,4.0
65356051,65317723,37.776309999999995,-122.403985,37.776841999999995,-122.404634,1.0
65371530,65371540,37.771701,-122.406447,37.766047,-122.405244,7.0
65371540,729040229,37.766047,-122.405244,37.752553999999996,-122.402999,15.0
259408341,65371661,37.733191,-122.405674,37.730114,-122.403995,5.0
