startId,endId,startLat,startLon,endLat,endLon,roadCount
65286336,65281429,37.786256,-122.395817,37.785224,-122.39402700000001,1.0
65290178,6311843504,37.787079999999996,-122.387708,37.789645,-122.388406,11.0
65310547,65286228,37.808073,-122.36723500000001,37.785942999999996,-122.39098600000001,12.0
65313138,1578907668,37.786318,-122.40895400000001,37.786434,-122.408056,9.0
65317532,5841552340,37.784663,-122.397851,37.785477,-122.396804,2.0
65317939,1580501214,37.786640000000006,-122.40641000000001,37.786836,-122.404855,9.0
65351772,65306804,37.784484,-122.404257,37.783251,-122.402708,12.0
1580501206,65317945,37.786015,-122.411348,37.786221000000005,-122.4097,48.0
5858516688,1723738887,37.786258000000004,-122.40523200000001,37.785714,-122.40591599999999,2.0
