startId,endId,startLat,startLon,endLat,endLon,roadCount
65326296,5863003872,37.745574,-122.46138700000002,37.744053,-122.46333899999999,1.0
65326861,65332618,37.746378,-122.447749,37.746802,-122.44571599999999,1.0
65343803,65332753,37.745602000000005,-122.452233,37.745542,-122.451851,1.0
65364837,65340451,37.743295,-122.470252,37.743342,-122.469183,1.0
258928675,258928663,37.745311,-122.440168,37.743565999999994,-122.43774599999999,12.0
258929529,1614214651,37.738765,-122.436699,37.739262,-122.43638500000002,1.0
1501430216,65343772,37.746827,-122.45871299999999,37.746701,-122.457173,1.0
1614214652,258928675,37.746853,-122.44221999999999,37.745311,-122.440168,2.0
5353921548,65316450,37.741527000000005,-122.435681,37.740181,-122.435914,2.0
