startId,endId,startLat,startLon,endLat,endLon,roadCount
65287689,65287687,37.764333,-122.45990800000001,37.765265,-122.459973,1.0
65307363,65336953,37.793578000000004,-122.404614,37.794462,-122.404793,8.0
65313131,65313133,37.784462,-122.40853200000001,37.785394000000004,-122.40869599999999,17.0
65315824,1511342574,37.764732,-122.45768899999999,37.764942,-122.456772,1.0
65320025,65351550,37.763678999999996,-122.452421,37.764518,-122.45258899999999,2.0
65323484,65317433,37.760548,-122.444373,37.761953999999996,-122.444248,2.0
65343960,65326744,37.784152,-122.410972,37.784361,-122.409327,19.0
1723738887,65351772,37.785714,-122.40591599999999,37.784484,-122.404257,32.0
3522821913,65307334,37.764379999999996,-122.458836,37.76531,-122.458901,3.0
